index,off_target_score_MS
3433,0.0
3434,0.0
3435,0.0
3436,0.0
3437,0.0
3438,0.0
3439,0.0
3440,0.0
3441,0.0
3442,0.0
3443,0.0
3444,0.0
3445,0.0
3446,0.0
3447,0.0
3448,0.0
3449,0.0
3450,0.0
3451,0.0
3452,0.0
3453,0.0
3510,0.0
3511,0.0
3512,0.0
3513,0.0
3514,0.0
3515,0.0
3516,0.0
3517,0.0
3518,0.0
3519,0.0
3520,0.0
3521,0.0
3522,0.0
3523,0.0
3524,0.0
3525,0.0
3526,0.0
3527,0.0
3528,0.0
3529,0.0
3530,0.0
3531,0.0
3532,0.0
3533,0.0
3534,0.0
3535,0.0
3536,0.0
3537,0.0
3538,0.0
3539,0.0
3540,0.0
3541,0.0
3542,0.0
3543,0.0
3544,0.0
3545,0.0
3546,0.0
3547,0.0
3548,0.0
3549,0.0
3550,0.0
3551,0.0
3552,0.0
3553,0.0
3554,0.0
3555,0.0
3556,0.0
3557,0.0
3558,0.0
3559,0.0
3560,0.0
3561,0.0
3562,0.0
3563,0.0
3564,0.0
3565,0.0
3566,0.0
3567,0.0
3568,0.0
3569,0.0
3570,0.0
3571,0.0
3572,0.0
3573,0.0
3574,0.0
3575,0.0
3576,0.0
3577,0.0
3578,0.0
3579,0.0
3580,0.0
3581,0.0
3582,0.0
3583,0.0
3584,0.0
3585,0.0
3586,0.0
3587,0.0
3588,0.0
3589,0.0
3590,0.0
3591,0.0
3592,0.0
3593,0.0
3704,0.0
3705,0.0
3706,0.0
3707,0.0
3708,0.0
3709,0.0
3710,0.0
3711,0.0
3712,0.0
3713,0.0
3714,0.0
3715,0.0
3716,0.0
3717,0.0
3718,0.0
3719,0.0
3720,0.0
3721,0.0
3722,0.0
3723,0.0
3724,0.0
0,0.0
1,0.0
2,0.0
3,0.0
4,0.0
5,0.0
6,1.7312956198137212e-06
7,9.444455548690029e-08
8,5.2322138127305606e-08
9,0.0
10,0.0
11,0.0
12,1.2822562397165936e-06
13,0.0
14,0.0
15,0.0
16,0.0
17,0.0
18,0.0
19,0.0
20,0.0
21,0.0
22,0.0
23,0.0
24,0.0
25,0.0
26,0.0
27,0.0
28,0.0
29,1.7312956198137212e-06
30,0.0
31,5.2322138127305606e-08
32,0.0
33,0.0
34,0.0
35,0.0
36,0.0
37,0.0
38,0.0
39,0.0
40,0.0
41,0.0
42,0.0
43,0.0
44,0.0
45,0.0
46,0.0
47,0.0
48,0.0
49,0.0
50,0.0
51,0.0
52,0.0
53,0.0
54,0.0
55,0.0
56,0.0
57,0.0
58,0.0
59,0.0
60,0.0
61,0.0
62,0.0
63,0.0
64,0.0
65,0.0
66,0.0
67,0.0
68,0.0
69,0.0
70,0.0
71,0.0
72,0.0
73,0.0
74,0.0
75,0.0
76,0.0
77,0.0
78,0.0
79,0.0
80,0.0
81,0.0
82,0.0
83,0.0
84,0.0
85,2.4818265587986577e-06
86,0.0
87,0.0
88,0.0
89,0.0
90,0.0
91,0.0
92,0.0
93,0.0
94,0.0
95,0.0
96,0.0
97,0.0
98,0.0
99,0.0
100,0.0
101,0.0
102,0.0
103,0.0
104,0.0
105,0.0
106,0.0
107,0.0
108,0.0
109,0.0
110,0.0
111,0.0
112,0.0
113,0.0
114,0.0
115,0.0
116,1.3816640144813142e-05
117,0.0
118,0.0
119,0.0
120,0.0
121,0.0
122,0.0
123,0.0
124,0.0
125,0.0
126,0.0
127,0.0
128,0.0
129,0.0
130,0.0
131,0.0
132,0.0
133,0.0
134,0.0
135,0.0
136,0.0
137,1.168612031370084e-07
138,0.0
139,0.0
140,0.0
141,0.0
142,0.0
143,0.0
144,0.0
145,0.0
146,0.0
147,0.0
148,0.0
149,0.0
150,0.0
151,0.0
152,0.0
153,0.0
154,0.0
155,0.0
156,0.0
157,0.0
158,0.0
159,0.0
160,0.0
161,0.0
162,2.877949162938911e-07
163,2.3210674534925152e-05
164,0.0
165,0.0
166,0.0
167,0.0
168,0.0
169,0.0
170,0.0
171,0.0
172,0.0
173,0.0
174,2.3210674534925152e-05
175,2.3210674534925152e-05
176,2.0224749904056257e-06
177,0.0
178,0.0
179,0.0
180,0.0
181,0.0
182,0.0
183,0.0
184,0.0
185,0.0
186,0.0
187,0.0
188,0.0
189,0.0
190,0.0
191,0.0
192,0.0
193,5.829579472855032e-07
194,6.685535336289609e-07
195,1.5392554038410306e-06
196,1.5392554038410306e-06
197,1.1181534924720284e-06
198,1.0581815137650074e-06
199,2.3210674534925152e-05
200,2.4060613818859674e-06
201,0.0
202,0.0
203,0.0
204,0.0
205,0.0
206,0.0
207,0.0
208,0.0
209,0.0
210,0.0
211,0.0
212,0.0
213,0.0
214,0.0
215,0.0
216,0.0
217,0.0
218,0.0
219,0.0
220,0.0
221,0.0
222,0.0
223,0.0
224,0.0
225,0.0
226,0.0
227,0.0
228,0.0
229,0.0
230,0.0
231,1.168612031370084e-07
232,0.0
233,1.168612031370084e-07
234,0.0
235,1.168612031370084e-07
236,0.0
237,0.0
238,0.0
239,0.0
240,0.0
241,0.0
242,0.0
243,0.0
244,0.0001418691997646741
245,0.0
246,0.0
247,0.0
248,0.0
249,3.593983171576033e-07
250,0.0
251,0.00014195661306521914
252,0.0
253,2.394138918638978e-07
254,0.0
255,5.2322138127305606e-08
256,0.0
257,0.0
258,0.0
259,3.593983171576033e-07
260,2.394138918638978e-07
261,1.2711618318409646e-07
262,0.0
263,0.0
264,0.0
265,6.508724349479307e-07
266,3.823851560561894e-06
267,0.0
268,0.0
269,0.0
270,3.189794082055351e-07
271,0.0
272,0.0
273,0.0
274,0.0
275,0.0
276,0.0
277,0.0
278,0.0
279,0.0
280,2.9950233780236356e-07
281,8.778693662444748e-07
282,0.0001418691997646741
283,1.7709447907828386e-06
284,0.0
285,0.0
286,0.0
287,0.0
288,8.680819060420988e-08
289,3.189794082055351e-07
290,3.189794082055351e-07
291,0.0
292,0.0
293,0.0
294,0.0
295,0.0
296,0.0
297,0.0
298,0.0
299,0.0
300,0.0
301,0.0
302,0.0
303,0.0
304,0.0
305,0.0
306,0.0
307,0.0
308,0.0
309,0.0
310,0.0
311,0.0
312,0.0
313,0.0
314,0.0
315,0.0
316,0.0
317,0.0
318,0.0
319,0.0
320,0.0
321,0.0
322,0.0
323,0.0
324,0.0
325,0.0
326,0.0
327,0.0
328,0.0
329,0.0
330,0.0
331,0.0
332,0.0
333,0.0
334,0.0
335,0.0
336,0.0
337,0.0
338,0.0
339,0.0
340,0.0
341,0.0
342,0.0
343,0.0
344,0.0
345,0.0
346,0.0
347,0.0
348,0.0
349,0.0
350,0.0
351,0.0
352,0.0
353,0.0
354,0.0
355,0.0
356,0.0
357,0.0
358,0.0
359,0.0
360,0.0
361,0.0
362,0.0
363,0.0
364,0.0
365,0.0
366,0.0
367,0.0
368,0.0
369,0.0
370,0.0
371,0.0
372,0.0
373,0.0
374,0.0
375,0.0
376,0.0
377,0.0
378,0.0
379,0.0
380,0.0
381,0.0
382,0.0
383,0.0
384,0.0
385,0.0
386,0.0
387,0.0
388,0.0
389,0.0
390,0.0
391,0.0
392,0.0
393,0.0
394,0.0
395,0.0
396,0.0
397,0.0
398,0.0
399,0.0
400,0.0
401,0.0
402,2.394138918638978e-07
403,0.0
404,0.0
405,0.0
406,0.0
407,0.0
408,0.0
409,0.0
410,1.168612031370084e-07
411,0.0
412,0.0
413,2.4818265587986577e-06
414,0.0
415,0.0
416,0.0
417,0.0
418,0.0
419,2.4818265587986577e-06
420,0.0
421,0.0
422,0.0
423,0.0
424,0.0
425,1.168612031370084e-07
426,0.0
427,0.0
428,0.0
429,0.0
430,0.0
431,0.0
432,0.0
433,0.0
434,1.168612031370084e-07
435,0.0
436,0.0
437,1.168612031370084e-07
438,0.0
439,0.0
440,0.0
441,0.0
442,2.4818265587986577e-06
443,0.0
444,0.0
445,0.0
446,0.0
447,0.0
448,0.0
449,0.0
450,1.168612031370084e-07
451,0.0
452,0.0
453,0.0
454,0.0
455,0.0
456,1.168612031370084e-07
457,0.0
458,0.0
459,0.0
460,0.0
461,0.0
462,0.0
463,0.0
464,0.0
465,0.0
466,0.0
467,0.0
468,0.0
469,0.0
470,0.0
471,0.0
472,0.0
473,0.0
474,0.0
475,0.0
476,0.0
477,0.0
478,0.0
479,0.0
480,0.0
481,2.394138918638978e-07
482,0.0
483,0.0
484,0.0
485,3.593983171576033e-07
486,0.0
487,0.0
488,2.394138918638978e-07
489,0.0
490,0.0
491,3.593983171576033e-07
492,0.0
493,0.0
494,2.394138918638978e-07
495,0.0
496,0.0
497,3.593983171576033e-07
498,0.0
499,0.0
500,2.394138918638978e-07
501,0.0
502,0.0
503,3.593983171576033e-07
504,0.0
505,0.0
506,2.394138918638978e-07
507,0.0
508,0.0
509,3.593983171576033e-07
510,0.0
511,0.0
512,3.593983171576033e-07
513,0.0
514,0.0
515,2.394138918638978e-07
516,0.0
517,0.0
518,3.593983171576033e-07
519,0.0
520,0.0
521,2.394138918638978e-07
522,0.0
523,0.0
524,2.394138918638978e-07
525,0.0
526,0.0
527,3.593983171576033e-07
528,0.0
529,0.0
530,2.394138918638978e-07
531,0.0
532,0.0
533,3.593983171576033e-07
534,0.0
535,0.0
536,2.394138918638978e-07
537,0.0
538,0.0
539,0.0
540,0.0
541,0.0
542,0.0
543,0.0
544,0.0
545,0.0
546,0.0
547,0.0
548,0.0
549,0.0
550,0.0
551,0.0
552,0.0
553,0.0
554,0.0
555,0.0
556,0.0
557,0.0
558,0.0
559,0.0
560,0.0
561,0.0
562,0.0
563,0.0
564,0.0
565,0.0
566,0.0
567,0.0
568,0.0
569,0.0
570,0.0
571,0.0
572,0.0
573,0.0
574,0.0
575,0.0
576,0.0
577,0.0
578,0.0
579,0.0
580,0.0
581,0.0
582,0.0
583,0.0
584,1.168612031370084e-07
585,0.0
586,0.0
587,0.0
588,0.0
589,0.0
590,0.0
591,0.0
592,0.0
593,0.0
594,0.0
595,0.0
596,2.4818265587986577e-06
597,0.0
598,0.0
599,0.0
600,1.168612031370084e-07
601,0.0
602,0.0
603,0.0
604,0.0
605,0.0
606,3.593983171576033e-07
607,0.0
608,0.0
609,0.0
610,0.0
611,0.0
612,0.0
613,0.0
614,0.0
615,0.0
616,0.0
617,0.0
618,1.168612031370084e-07
619,0.0
620,0.0
621,0.0
622,0.0
623,2.877949162938911e-07
624,0.0
625,0.0
626,2.877949162938911e-07
627,0.0
628,0.0
629,0.0
630,0.0
631,0.0
632,0.0
633,0.0
634,0.0
635,0.0
636,1.168612031370084e-07
637,0.0
638,0.0
639,0.0
640,0.0
641,0.0
642,0.0
643,0.0
644,0.0
645,0.0
646,0.0
647,0.0
648,0.0
649,0.0
650,0.0
651,0.0
652,0.0
653,0.0
654,0.0
655,0.0
656,0.0
657,0.0
658,0.0
659,0.0
660,0.0
661,1.168612031370084e-07
662,0.0
663,0.0
664,0.0
665,5.2322138127305606e-08
666,0.0
667,2.4818265587986577e-06
668,0.0
669,0.0
670,0.0
671,0.0
672,5.2322138127305606e-08
673,0.0
674,2.4818265587986577e-06
675,0.0
676,0.0
677,0.0
678,0.0
679,2.137768973003583e-06
680,0.0
681,0.0
682,0.0
683,0.0
684,0.0
685,0.0
686,0.0
687,0.0
688,0.0
689,2.4818265587986577e-06
690,0.0
691,0.0
692,0.0
693,1.168612031370084e-07
694,0.0
695,0.0
696,0.0
697,0.0
698,0.0
699,3.593983171576033e-07
700,0.0
701,0.0
702,0.0
703,0.0
704,0.0
705,0.0
706,0.0
707,0.0
708,0.0
709,0.0
710,0.0
711,1.168612031370084e-07
712,0.0
713,0.0
714,0.0
715,0.0
716,2.877949162938911e-07
717,0.0
718,0.0
719,2.877949162938911e-07
720,0.0
721,0.0
722,0.0
723,0.0
724,0.0
725,0.0
726,0.0
727,0.0
728,0.0
729,1.168612031370084e-07
730,0.0
731,0.0
732,0.0
733,0.0
734,0.0
735,0.0
736,0.0
737,0.0
738,0.0
739,0.0
740,0.0
741,0.0
742,0.0
743,0.0
744,0.0
745,0.0
746,0.0
747,0.0
748,0.0
749,0.0
750,0.0
751,0.0
752,0.0
753,0.0
754,1.168612031370084e-07
755,0.0
756,0.0
757,0.0
758,0.0
759,0.0
760,0.0
761,0.0
762,0.0
763,0.0
764,0.0
765,0.0
766,2.4818265587986577e-06
767,0.0
768,0.0
769,0.0
770,1.168612031370084e-07
771,0.0
772,0.0
773,0.0
774,0.0
775,0.0
776,3.593983171576033e-07
777,0.0
778,0.0
779,0.0
780,0.0
781,0.0
782,0.0
783,0.0
784,0.0
785,0.0
786,0.0
787,0.0
788,1.168612031370084e-07
789,0.0
790,0.0
791,0.0
792,0.0
793,2.877949162938911e-07
794,0.0
795,0.0
796,2.877949162938911e-07
797,0.0
798,0.0
799,0.0
800,0.0
801,0.0
802,0.0
803,0.0
804,0.0
805,0.0
806,1.168612031370084e-07
807,0.0
808,0.0
809,0.0
810,0.0
811,0.0
812,0.0
813,0.0
814,0.0
815,0.0
816,0.0
817,0.0
818,0.0
819,0.0
820,0.0
821,0.0
822,0.0
823,0.0
824,0.0
825,0.0
826,0.0
827,0.0
828,0.0
829,0.0
830,0.0
831,1.168612031370084e-07
832,0.0
833,0.0
834,0.0
835,0.0
836,0.0
837,0.0
838,0.0
839,0.0
840,0.0
841,0.0
842,0.0
843,2.4818265587986577e-06
844,0.0
845,0.0
846,0.0
847,1.168612031370084e-07
848,0.0
849,0.0
850,0.0
851,0.0
852,0.0
853,3.593983171576033e-07
854,0.0
855,0.0
856,0.0
857,0.0
858,0.0
859,0.0
860,0.0
861,0.0
862,0.0
863,0.0
864,0.0
865,1.168612031370084e-07
866,0.0
867,0.0
868,0.0
869,0.0
870,2.877949162938911e-07
871,0.0
872,0.0
873,2.877949162938911e-07
874,0.0
875,0.0
876,0.0
877,0.0
878,0.0
879,0.0
880,0.0
881,0.0
882,0.0
883,1.168612031370084e-07
884,0.0
885,0.0
886,0.0
887,0.0
888,0.0
889,0.0
890,0.0
891,0.0
892,0.0
893,0.0
894,0.0
895,0.0
896,0.0
897,8.784667487879695e-09
898,5.2322138127305606e-08
899,0.0
900,2.4818265587986577e-06
901,0.0
902,0.0
903,0.0
904,0.0
905,0.0
906,8.784667487879695e-09
907,0.0
908,0.0
909,0.0
910,0.0
911,0.0
912,0.0
913,0.0
914,0.0
915,0.0
916,0.0
917,0.0
918,0.0
919,0.0
920,0.0
921,0.0
922,0.0
923,0.0
924,0.0
925,0.0
926,0.0
3725,0.0
3726,1.973704839368718e-08
3727,0.0
3728,4.310260153585137e-06
3729,0.0
3730,0.0
3731,0.0
3732,0.5904217103019977
3733,0.4236853310199948
3734,0.0
3735,1.1138207571313338e-07
3736,0.0
3737,0.0
3738,0.0753863113424084
3739,0.0
3740,3.3105543623009366e-07
3741,1.993070880379552e-06
3742,0.0
3743,4.151822292163942e-08
3744,0.0
3745,0.0
3746,1.0987915978059696e-05
3747,0.0
3748,0.0
3749,0.0
3750,0.0
3751,1.083869335232271e-07
3752,0.0
3753,0.0
3754,0.0
3755,5.610022220482551e-07
3756,0.0
3757,0.0
3758,0.0
3759,1.0808876315454257e-07
3760,0.0
3761,0.0
3762,0.0
3763,1.1826212042321159e-05
3764,0.0
3765,0.0
3766,0.0
3767,6.680698379326498e-07
3768,0.0
3769,0.0
3770,0.0
3771,0.0
3772,0.0
3773,0.0
3774,0.0
3775,8.953734748920167e-07
3776,3.6767698238802964e-07
3777,0.0
3778,0.0
3779,3.2260700180027633e-07
3780,0.0
3781,4.279116051340019e-07
3782,0.0
3783,4.4646651407769935e-07
3784,0.0
3785,0.0
3786,0.0
3787,1.7318864526863161e-06
3788,1.055710110384787e-06
3789,4.279617859718644e-08
3790,0.004512717749490179
3791,4.6678367631593075e-06
3792,0.0
3793,0.0
3794,0.0
3795,0.0
3796,3.662221109367467e-07
3797,0.0
3798,0.0
3799,3.474770704739562e-07
3800,5.518369325511082e-07
3801,0.0
3802,0.0
3803,0.0
3804,1.0275131981368726e-06
3805,3.664133649159067e-07
3806,3.7302187302254615e-05
3807,0.0
3808,3.2601596700119393e-07
3809,0.0
3810,1.973704839368718e-08
3811,0.0
3812,4.310260153585137e-06
3813,0.0
3814,0.0
3815,0.0
3816,0.00025156865553355623
3817,3.662221109367467e-07
3818,0.5903199199491105
3819,0.42368361950312916
3820,0.0
3821,1.1138207571313338e-07
3822,0.0
3823,0.0
3824,0.0047095424522818315
3825,0.0
3826,4.850877453750534e-07
3827,1.5915005859281362e-06
3828,0.0
3829,4.151822292163942e-08
3830,0.0
3831,0.0
3832,4.195549137011198e-06
3833,0.0
3834,0.0
3835,0.0
3836,0.0
3837,1.083869335232271e-07
3838,0.0
3839,0.0
3840,0.0
3841,0.0
3842,0.0
3843,0.0
3844,0.0
3845,1.0808876315454257e-07
3846,0.0
3847,0.0
3848,0.0
3849,1.593343112485605e-05
3850,0.0
3851,0.0
3852,0.0
3853,2.290471771068411e-07
3854,0.0
3855,0.0
3856,0.0
3857,0.0
3858,0.0
3859,0.0
3860,0.0
3861,2.9874614895680224e-08
3862,3.6767698238802964e-07
3863,0.0
3864,0.0
3865,3.994479796053208e-06
3866,0.0
3867,0.0
3868,0.0
3869,2.4130449847724534e-07
3870,0.0
3871,0.0
3872,6.772052910889531e-06
3873,1.6314713360506057e-07
3874,0.0
3875,0.0
3876,4.6678367631593075e-06
3877,0.0
3878,0.0
3879,0.0
3880,0.0
3881,0.0
3882,0.0
3883,3.4895486741799915e-08
3884,3.828553516485776e-07
3885,0.0
3886,0.0
3887,0.0
3888,0.0
3889,3.664133649159067e-07
3890,3.522918268051029e-07
3891,0.0
3892,7.346217446835784e-06
3893,0.0
3894,0.0
3895,0.0
3896,0.0
3897,0.5902778255596235
3898,0.15827386788044873
3899,0.0
3900,6.897918846571825e-07
3901,0.0
3902,0.0
3903,0.003153578858540672
3904,0.0
3905,6.152814563574136e-07
3906,0.0
3907,0.0
3908,4.151822292163942e-08
3909,0.0
3910,0.0
3911,6.674519278260536e-07
3912,0.0
3913,0.0
3914,0.0
3915,0.0
3916,0.0
3917,0.0
3918,0.0
3919,0.0
3920,0.0
3921,0.0
3922,1.5783604920797404e-07
3923,1.0808876315454257e-07
3924,0.0
3925,0.0
3926,0.0
3927,6.0203192812696425e-05
3928,0.0
3929,0.0
3930,0.0
3931,2.290471771068411e-07
3932,2.731232985703888e-07
3933,0.0
3934,0.0
3935,0.0
3936,0.0
3937,0.0
3938,0.0
3939,0.0
3940,3.6767698238802964e-07
3941,0.0
3942,0.0
3943,4.103343124872346e-06
3944,0.0
3945,0.0
3946,4.97244879484772e-06
3947,1.4516900499376625e-07
3948,0.0
3949,0.0
3950,1.8240070661943532e-05
3951,1.6314713360506057e-07
3952,0.0
3953,0.0
3954,1.5440140362750168e-05
3955,4.6678367631593075e-06
3956,0.0
3957,0.0
3958,0.0
3959,0.0
3960,3.8248927041178976e-07
3961,0.0
3962,0.0
3963,9.349545521424161e-07
3964,3.828553516485776e-07
3965,0.0
3966,0.0
3967,0.0
3968,0.0
3969,3.664133649159067e-07
3970,0.0
3971,0.0
3972,2.6976311573052844e-08
3973,0.0
3974,4.506198179732595e-06
3975,0.0
3976,0.0
3977,0.5902734696078981
3978,0.0015613109774108
3979,0.0
3980,9.837527046212645e-08
3981,0.0
3982,1.2513777849998045e-07
3983,0.0003315209245044184
3984,2.99571416819144e-07
3985,1.4163044424718746e-06
3986,0.0
3987,0.0
3988,4.151822292163942e-08
3989,0.0
3990,0.0
3991,7.541772044473393e-08
3992,0.0
3993,0.0
3994,0.0
3995,0.0
3996,0.0
3997,0.0
3998,0.0
3999,0.0
4000,0.0
4001,0.0
4002,0.0
4003,3.138225857949133e-05
4004,1.0161661541904112e-07
4005,0.0
4006,0.0
4007,0.0
4008,9.687244755382323e-05
4009,0.0
4010,0.0
4011,0.0
4012,0.0
4013,3.9809649642063246e-06
4014,0.0
4015,0.0
4016,0.0
4017,0.0
4018,0.0
4019,5.470228712198277e-07
4020,0.0
4021,0.0
4022,0.0
4023,0.0
4024,0.0
4025,0.0
4026,4.97244879484772e-06
4027,1.4516900499376625e-07
4028,0.0
4029,0.0
4030,1.8240070661943532e-05
4031,1.6314713360506057e-07
4032,0.0
4033,0.0
4034,4.22177307297216e-07
4035,4.6678367631593075e-06
4036,0.0
4037,0.0
4038,0.0
4039,0.0
4040,3.8248927041178976e-07
4041,0.0
4042,0.0
4043,9.252933274476483e-07
4044,3.828553516485776e-07
4045,0.0
4046,0.0
4047,0.0
4048,0.0
4049,3.664133649159067e-07
4050,0.0
4051,0.0
4052,1.6865042268001672e-06
4053,0.0
4054,0.0
4055,0.0
4056,0.007462569798262572
4057,2.526932752158728e-05
4058,0.0
4059,9.837527046212645e-08
4060,0.0
4061,6.837423373835528e-07
4062,1.1525581379590211e-06
4063,3.1892607952074006e-07
4064,2.8937257733120306e-06
4065,0.0
4066,0.0
4067,4.151822292163942e-08
4068,0.0
4069,0.0
4070,0.0
4071,0.0
4072,0.0
4073,0.0
4074,0.0
4075,0.0
4076,0.0
4077,0.0
4078,0.0
4079,0.0
4080,0.0
4081,0.0
4082,3.078607230467285e-05
4083,0.0
4084,0.0
4085,0.0
4086,0.0
4087,0.00016459102840892255
4088,0.0
4089,0.0
4090,0.0
4091,0.0
4092,3.079803983559598e-06
4093,0.0
4094,6.080582324161749e-07
4095,0.0
4096,0.0
4097,0.0
4098,5.470228712198277e-07
4099,0.0
4100,0.0
4101,0.0
4102,0.0
4103,4.506198179732595e-06
4104,0.0
4105,0.0
4106,5.215368205891776e-06
4107,1.4516900499376625e-07
4108,7.774179078236202e-06
4109,0.0
4110,1.8240070661943532e-05
4111,1.6314713360506057e-07
4112,0.0
4113,0.0
4114,0.0
4115,1.5451755723689224e-06
4116,0.0
4117,0.0
4118,0.0
4119,0.0
4120,3.8248927041178976e-07
4121,0.0
4122,4.265276558321407e-06
4123,1.0179039039174052e-06
4124,0.0
4125,0.0
4126,0.0
4127,0.0
4128,0.0
4129,3.664133649159067e-07
4130,0.0
4131,0.0
4132,3.4922145823548737e-06
4133,0.0
4134,0.0
4135,0.0
4136,0.0
4137,8.673883930772447e-05
4138,8.263139684809127e-09
4139,0.0
4140,9.837527046212645e-08
4141,0.0
4142,6.837423373835528e-07
4143,0.012423596772976248
4144,8.040619757776848e-06
4145,4.441468780052203e-08
4146,0.0
4147,0.0
4148,4.151822292163942e-08
4149,0.0
4150,0.0
4151,0.0
4152,0.0
4153,0.0
4154,0.0
4155,0.0
4156,0.0
4157,0.0
4158,0.0
4159,0.0
4160,0.0
4161,1.4817379997759156e-05
4162,1.0787429864175546e-07
4163,7.32057855455959e-07
4164,0.0
4165,0.0
4166,0.0
4167,0.0
4168,0.0005908818768088366
4169,0.0
4170,0.0
4171,0.0
4172,7.100049653201956e-07
4173,0.0
4174,6.080582324161749e-07
4175,0.0
4176,5.297153106225413e-08
4177,0.0
4178,9.321291733872125e-07
4179,0.0
4180,0.0
4181,0.0
4182,0.0
4183,5.02314557724927e-06
4184,0.0
4185,0.0
4186,1.9739511797492863e-06
4187,0.0
4188,7.774179078236202e-06
4189,0.0
4190,1.8240070661943532e-05
4191,7.073137915365526e-08
4192,0.0
4193,0.0
4194,0.0
4195,1.5393100948254256e-06
4196,0.0
4197,0.0
4198,0.0
4199,0.0
4200,2.5684430427106927e-06
4201,0.0
4202,3.1095187601618065e-07
4203,1.0179039039174052e-06
4204,0.0
4205,0.0
4206,5.168412555711002e-08
4207,8.426161614299941e-08
4208,0.0
4209,1.2755750764187487e-07
4210,0.0
4211,0.0
4212,1.2860589438113182e-05
4213,0.0
4214,0.0
4215,0.0
4216,1.7286804470524544e-07
4217,3.0294739493962625e-05
4218,6.048556780759163e-06
4219,8.263139684809127e-09
4220,0.0
4221,7.562828956866316e-08
4222,0.0
4223,6.837423373835528e-07
4224,0.00023362060166389425
4225,1.4752887261937189e-05
4226,0.0
4227,0.0
4228,5.845381680532343e-07
4229,4.151822292163942e-08
4230,0.0
4231,0.0
4232,0.0
4233,0.0
4234,0.0
4235,0.0
4236,0.0
4237,0.0
4238,0.0
4239,0.0
4240,0.0
4241,0.0
4242,1.0713227291435421e-05
4243,9.508170964688306e-07
4244,0.014787394870723213
4245,0.0
4246,0.0
4247,0.0
4248,0.0
4249,0.0005819406336934908
4250,0.0
4251,0.0
4252,0.0
4253,0.0
4254,6.618972795874692e-07
4255,0.0
4256,3.801047941535983e-07
4257,0.0
4258,5.297153106225413e-08
4259,0.0
4260,1.5864015201757126e-05
4261,0.0
4262,0.0
4263,0.0
4264,0.0
4265,9.107781652909044e-06
4266,0.0
4267,0.0
4268,6.618413200517047e-07
4269,0.0
4270,0.0
4271,0.0
4272,1.8240070661943532e-05
4273,7.073137915365526e-08
4274,0.0
4275,0.0
4276,0.0
4277,1.3559563504011672e-06
4278,0.0
4279,0.0
4280,0.0
4281,0.0
4282,2.6380960721449243e-06
4283,0.0
4284,1.1679237303692625e-06
4285,0.0
4286,0.0
4287,5.168412555711002e-08
4288,1.613036130801171e-05
4289,0.0
4290,0.0
4291,0.0
4292,0.0
4293,0.0
4294,0.0
4295,0.0
4296,3.7749145320191584e-06
4297,8.263139684809127e-09
4298,1.2264145277608834e-07
4299,0.0
4300,0.0
4301,1.9963040376373192e-07
4302,0.0002513843935507067
4303,1.5930761727090287e-05
4304,0.0
4305,0.0
4306,3.1484610803271155e-06
4307,3.666348999993379e-08
4308,0.0
4309,0.0
4310,0.0
4311,0.0
4312,0.0
4313,0.0
4314,0.0
4315,0.0
4316,0.0
4317,0.0
4318,0.0
4319,0.0
4320,8.65929292692069e-07
4321,1.4222438141555492e-06
4322,1.685210129168049e-06
4323,0.0
4324,0.0
4325,1.4760398055899187e-05
4326,0.0
4327,0.0005817781227658113
4328,0.0
4329,0.0
4330,0.0
4331,0.0
4332,8.522604075669957e-08
4333,0.0
4334,1.9925920730942748e-08
4335,0.0
4336,7.719375690826475e-07
4337,0.0
4338,0.0008908084132140536
4339,0.0
4340,0.0
4341,0.0
4342,0.0
4343,8.467552488185046e-06
4344,0.0
4345,3.609601572712431e-08
4346,1.9017264855506135e-06
4347,0.0
4348,5.2538766071991894e-08
4349,0.0
4350,1.816795355609344e-05
4351,0.0
4352,0.0
4353,1.3173344358181378e-06
4354,0.0
4355,7.753422000487135e-08
4356,3.839743075968143e-08
4357,0.0
4358,0.0
4359,0.0
4360,7.283496575601166e-05
4361,0.0
4362,1.4920391747839527e-07
4363,1.5380305394413013e-06
4364,0.0
4365,8.887764807041814e-07
4366,5.168412555711002e-08
4367,0.00010691900240616512
4368,0.0
4369,0.0
4370,0.0
4371,0.0
4372,1.7701856678877666e-07
4373,0.0
4374,4.2442156567425215e-07
4375,0.0
4376,0.0
4377,8.758894074194828e-07
4378,8.263139684809127e-09
4379,0.0
4380,1.4272234629232572e-07
4381,0.0
4382,0.0
4383,0.00025391287115272484
4384,1.1817177776778376e-05
4385,5.066033989432599e-07
4386,0.0
4387,1.6998122698433203e-05
4388,0.0
4389,0.0
4390,0.0
4391,0.0
4392,0.0
4393,0.0
4394,0.0
4395,0.0
4396,0.0
4397,0.0
4398,0.0
4399,0.0
4400,3.8561658395991286e-08
4401,8.470995218595092e-07
4402,3.039330531828998e-06
4403,8.009403255812555e-07
4404,0.0
4405,0.0
4406,8.609606183283544e-07
4407,0.0
4408,0.0005723434512637708
4409,0.0
4410,0.0
4411,0.0
4412,6.550763870081499e-08
4413,0.0
4414,0.0
4415,0.0
4416,0.0
4417,2.8665660394463147e-06
4418,0.0
4419,0.0008908084132140536
4420,0.0
4421,0.0
4422,0.0
4423,0.0
4424,1.0426413281009085e-07
4425,0.0
4426,1.441665625229849e-06
4427,1.8424876031010599e-06
4428,0.0
4429,3.1622177252323425e-07
4430,0.0
4431,1.5298703734272775e-05
4432,0.0
4433,0.0
4434,1.0394675680707791e-05
4435,0.0
4436,0.0
4437,0.0
4438,0.0
4439,0.0
4440,0.0
4441,2.995411305416504e-07
4442,1.1326270187193203e-08
4443,8.127641300998395e-05
4444,0.0
4445,9.610590642067484e-07
4446,3.710981198772362e-08
4447,1.5599682214796304e-06
4448,0.0
4449,0.0
4450,0.0
4451,0.0
4452,0.0
4453,0.0
4454,0.0
4455,0.0
4456,1.3934294400364752e-05
4457,8.197420969097518e-07
4458,8.263139684809127e-09
4459,2.820205331210683e-06
4460,0.0
4461,0.0
4462,0.0
4463,0.0002639469846205917
4464,1.4792879270718023e-05
4465,3.2925969907744836e-06
4466,0.0
4467,1.6998122698433203e-05
4468,0.0
4469,0.0
4470,0.0
4471,1.186041593408226e-07
4472,0.0
4473,0.0
4474,0.0
4475,0.0
4476,0.0
4477,0.0
4478,0.0
4479,0.0
4480,4.279617859718644e-08
4481,7.391546511356735e-07
4482,4.0085387092189635e-06
4483,5.6360205933740175e-08
4484,0.0
4485,0.0
4486,1.8420297044040755e-07
4487,0.0
4488,0.0005278565641791781
4489,0.0
4490,0.0
4491,0.0
4492,2.9390780185049237e-07
4493,0.0
4494,0.0
4495,0.0
4496,4.756372358927936e-08
4497,2.9510036154822873e-06
4498,0.0
4499,5.170474731556689e-08
4500,0.0
4501,0.0
4502,0.0
4503,0.0
4504,0.0
4505,5.907132427642409e-08
4506,1.441665625229849e-06
4507,7.098981760946703e-06
4508,0.0
4509,3.84834585039302e-06
4510,0.0
4511,0.0
4512,0.0
4513,1.2240042873208528e-05
4514,0.0
4515,0.0
4516,0.0
4517,0.0
4518,0.0
4519,0.0
4520,0.0
4521,1.868484790671747e-06
4522,1.1326270187193203e-08
4523,1.484254351293255e-05
4524,0.0
4525,9.610590642067484e-07
4526,0.0
4527,1.4724610789706825e-06
4528,0.00012294677912798492
4529,0.0
4530,7.651888966383207e-07
4531,0.0
4532,0.0
4533,0.0
4534,0.0
4535,0.0
4536,0.0
4537,6.236902463810824e-05
4538,6.516830787685776e-06
4539,7.818476434736253e-07
4540,0.0
4541,3.4165664374812627e-06
4542,0.0
4543,0.0
4544,0.0
4545,0.0003229273976984103
4546,1.1805625841907432e-05
4547,0.0
4548,1.7068241241376823e-05
4549,0.0
4550,0.0
4551,0.0
4552,1.186041593408226e-07
4553,0.0
4554,0.0
4555,0.0
4556,0.0
4557,0.0
4558,0.0
4559,0.0
4560,0.0
4561,0.0
4562,3.5268043745617087e-07
4563,0.0
4564,0.0
4565,0.0
4566,2.9086346501843813e-07
4567,0.0
4568,7.3271265364480595e-06
4569,0.0
4570,0.0
4571,0.0
4572,3.7157078232951854e-07
4573,0.0
4574,0.0
4575,0.0
4576,7.921061738392116e-07
4577,1.8276722712698923e-05
4578,0.0
4579,0.0
4580,0.0
4581,0.0
4582,0.0
4583,0.0
4584,0.0
4585,5.907132427642409e-08
4586,5.2611507262449745e-06
4587,1.2909855323622462e-06
4588,0.0
4589,2.636830064512424e-07
4590,0.0
4591,7.230856798424649e-07
4592,0.0
4593,0.0
4594,3.324378287803751e-05
4595,0.0
4596,0.0
4597,5.158385265440607e-08
4598,0.0
4599,0.0
4600,0.0
4601,1.3995355402026334e-07
4602,1.5942204935583756e-05
4603,1.1326270187193203e-08
4604,1.7642612676038227e-08
4605,7.562469693887847e-07
4606,9.610590642067484e-07
4607,0.0
4608,0.00012294677912798492
4609,0.0
4610,3.3931088243580607e-06
4611,0.0
4612,0.0
4613,0.0
4614,0.0
4615,0.0
4616,3.324378287803751e-05
4617,2.2992359058153054e-08
4618,0.0
4619,0.00013900877290289634
4620,0.0
4621,0.0
4622,0.0
4623,0.0003229273976984103
4624,2.4445227399378256e-06
4625,1.1869814643691224e-05
4626,0.0
4627,1.7451656770123132e-05
4628,0.0
4629,0.0
4630,0.0
4631,5.0226427648422374e-05
4632,0.0
4633,0.0
4634,0.0
4635,0.0
4636,0.0
4637,0.0
4638,0.0
4639,0.0
4640,0.0
4641,0.0
4642,6.561756736502277e-06
4643,0.0
4644,0.0
4645,1.230050580936316e-06
4646,7.452934473519005e-07
4647,0.0
4648,1.2742183068622795e-06
4649,0.0
4650,0.0
4651,0.0
4652,5.55033959287576e-07
4653,0.0
4654,0.0
4655,4.8064356195443084e-06
4656,7.921061738392116e-07
4657,0.0
4658,0.0
4659,0.0
4660,1.973704839368718e-08
4661,0.0
4662,0.0
4663,0.0
4664,0.0
4665,5.907132427642409e-08
4666,0.00010620233078079866
4667,0.0
4668,0.0
4669,1.0507738159496312e-07
4670,0.0
4671,0.0
4672,0.0
4673,0.0
4674,0.0
4675,0.0
4676,5.158385265440607e-08
4677,0.0
4678,0.0
4679,0.0
4680,1.3995355402026334e-07
4681,1.8177482581650014e-05
4682,1.1326270187193203e-08
4683,1.1326270187193203e-08
4684,2.9076584755349032e-05
4685,7.228258350256713e-08
4686,0.0
4687,0.0
4688,0.00012393611496368606
4689,0.0
4690,3.383944495985463e-06
4691,1.8274949722397823e-08
4692,0.0
4693,0.0
4694,0.0
4695,0.0
4696,0.00012390089087750583
4697,0.0
4698,0.0
4699,0.00015237254253537075
4700,9.987148920655083e-06
4701,1.5793750045023164e-07
4702,0.0
4703,9.735391872967941e-05
4704,2.438561934917981e-06
4705,1.1869814643691224e-05
4706,0.0
4707,1.7451656770123132e-05
4708,0.0
4709,0.0
4710,0.0
4711,5.135988771011454e-05
4712,0.0
4713,0.0
4714,0.0
4715,3.6434100837258316e-07
4716,0.0
4717,0.0
4718,0.0
4719,0.0
4720,0.0
4721,0.0
4722,3.376008521222876e-05
4723,0.0
4724,0.0
4725,9.707647761077365e-07
4726,1.6421403808960598e-08
4727,0.0
4728,7.315093156256161e-07
4729,0.0
4730,0.0
4731,0.0
4732,1.9554919339229635e-06
4733,0.0
4734,0.0
4735,3.6876797139551265e-06
4736,8.41090336926135e-07
4737,0.0
4738,0.0
4739,0.0
4740,1.973704839368718e-08
4741,0.0
4742,0.0
4743,0.0
4744,0.0
4745,5.907132427642409e-08
4746,2.1713252447992256e-05
4747,0.0
4748,0.0
4749,1.0507738159496312e-07
4750,0.0
4751,0.0
4752,0.0
4753,0.0
4754,0.0
4755,0.0
4756,0.0
4757,5.158385265440607e-08
4758,0.0
4759,0.0
4760,0.0
4761,1.3995355402026334e-07
4762,1.126495576993297e-05
4763,1.1326270187193203e-08
4764,1.1326270187193203e-08
4765,3.082152047076309e-05
4766,0.0
4767,0.0
4768,0.0
4769,0.0
4770,3.383944495985463e-06
4771,1.8274949722397823e-08
4772,0.0
4773,0.0
4774,0.0
4775,0.0
4776,0.0
4777,3.0153185921982462e-06
4778,0.0
4779,9.578430385246523e-08
4780,0.00015319218849531841
4781,6.398381528923249e-05
4782,1.5793750045023164e-07
4783,0.0
4784,7.947744995441299e-05
4785,2.438561934917981e-06
4786,1.1869814643691224e-05
4787,7.375130614004893e-08
4788,0.0
4789,0.0
4790,0.0
4791,0.0
4792,0.9262845362591009
4793,0.0
4794,0.0
4795,0.0
4796,3.6434100837258316e-07
4797,0.0
4798,0.0
4799,0.0
4800,0.0
4801,0.0
4802,2.1443159677053238e-05
4803,0.0
4804,0.0
4805,9.389840110029152e-07
4806,0.0
4807,0.0
4808,1.8235069081021394e-07
4809,0.0
4810,0.0
4811,0.0
4812,1.9554919339229635e-06
4813,4.9185317432392563e-08
4814,0.0
4815,9.118520943813763e-07
4816,0.0
4817,0.0
4818,0.0
4819,1.973704839368718e-08
4820,0.0
4821,0.0
4822,0.0
4823,0.0
4824,0.0
4825,1.9418383216372016e-05
4826,0.0
4827,0.0
4828,2.435718605457612e-06
4829,0.0
4830,0.0
4831,0.0
4832,0.0
4833,0.0
4834,0.0
4835,0.0
4836,5.158385265440607e-08
4837,0.0
4838,0.0
4839,0.0
4840,1.3995355402026334e-07
4841,0.0
4842,0.0
4843,0.0
4844,2.166362646650412e-05
4845,0.0
4846,0.0
4847,0.0
4848,3.236491687357281e-06
4849,3.947987137879646e-07
4850,3.4431253502407366e-07
4851,1.8274949722397823e-08
4852,0.0
4853,0.0
4854,0.0
4855,0.0
4856,0.0
4857,0.0
4858,8.078735622668704e-06
4859,0.0
4860,4.5151791768872685e-07
4861,0.00016404347595844746
4862,6.398381528923249e-05
4863,1.5793750045023164e-07
4864,0.0
4865,7.091537565901238e-05
4866,2.4302987952331715e-06
4867,1.1869814643691224e-05
4868,1.7916873618981545e-07
4869,0.0
4870,2.498946618746137e-08
4871,0.0
4872,0.0
4873,0.9259847920827865
4874,0.0
4875,0.0
4876,0.0
4877,3.6434100837258316e-07
4878,0.0
4879,0.0
4880,0.0
4881,8.593251559781114e-07
4882,0.0
4883,0.0
4884,1.7295444732877811e-06
4885,0.0
4886,0.0
4887,3.9184000031583124e-05
4888,0.0
4889,0.0
4890,4.073205851227416e-08
4891,0.0
4892,0.0
4893,0.0
4894,1.9554919339229635e-06
4895,0.00011799768002495773
4896,0.0
4897,1.4891120035126147e-06
4898,9.926067078264478e-07
4899,0.0
4900,0.0
4901,0.0
4902,1.973704839368718e-08
4903,0.0
4904,0.0
4905,0.0
4906,0.0
4907,0.0
4908,0.0
4909,0.0
4910,2.228228669016217e-05
4911,0.0
4912,0.0
4913,0.0
4914,0.0
4915,0.0
4916,5.158385265440607e-08
4917,0.0
4918,0.0
4919,0.0
4920,7.590665610447262e-06
4921,4.4106140930122594e-08
4922,0.0
4923,0.0
4924,2.166362646650412e-05
4925,0.0
4926,0.0
4927,0.0
4928,5.987456184465525e-08
4929,2.9755113667765226e-06
4930,1.9078231690540353e-07
4931,1.8274949722397823e-08
4932,0.0
4933,0.0
4934,0.0
4935,0.0
4936,0.0
4937,2.7449408255302764e-06
4938,0.0
4939,4.5151791768872685e-07
4940,3.4437009931878036e-05
4941,0.0002322380766503232
4942,1.5793750045023164e-07
4943,0.0
4944,4.585871659225601e-06
4945,2.2153275862782216e-06
4946,1.1869814643691224e-05
4947,1.7916873618981545e-07
4948,0.0
4949,2.498946618746137e-08
4950,0.0
4951,0.0
4952,0.0004234289628700499
4953,0.0
4954,0.0
4955,9.613549348347914e-08
4956,3.6434100837258316e-07
4957,0.0
4958,0.0
4959,0.0
4960,8.593251559781114e-07
4961,0.0
4962,0.0
4963,2.0059140252294633e-05
4964,1.3226319017230516e-07
4965,0.0
4966,8.65671369989699e-05
4967,0.0
4968,0.0
4969,6.727822751155865e-05
4970,0.0
4971,0.0
4972,0.0
4973,1.661584132072471e-06
4974,7.823947446301462e-05
4975,0.0
4976,5.986547413343395e-07
4977,4.4303091104422386e-05
4978,8.014128995892237e-07
4979,0.0
4980,0.0
4981,1.973704839368718e-08
4982,0.0
4983,0.0
4984,0.0
4985,0.0
4986,0.0
4987,0.0
4988,3.356416770079345e-06
4989,0.0
4990,0.0
4991,0.0
4992,0.0
4993,0.0
4994,0.0
4995,0.0
4996,5.158385265440607e-08
4997,0.0
4998,0.0
4999,0.0
5000,7.590665610447262e-06
5001,1.8125175292124708e-07
5002,0.0
5003,0.0
5004,2.1637152514500106e-05
5005,0.0
5006,0.0
5007,0.0
5008,0.0
5009,3.0174533931964313e-06
5010,5.098743827570225e-08
5011,1.8274949722397823e-08
5012,0.0
5013,0.0
5014,0.0
5015,0.0
5016,0.0
5017,0.0
5018,4.5151791768872685e-07
5019,3.0541377492460716e-05
5020,8.980417796507731e-05
5021,1.4552631543961402e-07
5022,0.0
5023,4.514797799806824e-07
5024,4.046252170123992e-08
5025,1.3777856114193218e-05
5026,1.2166563324763764e-07
5027,0.0
5028,2.498946618746137e-08
5029,0.0
5030,0.0
5031,1.2258766351479478e-05
5032,0.0
5033,0.0
5034,9.613549348347914e-08
5035,1.8822403235244664e-07
5036,0.0
5037,0.0
5038,0.0
5039,8.593251559781114e-07
5040,0.0
5041,0.0
5042,3.895734779457359e-06
5043,1.3226319017230516e-07
5044,0.0
5045,4.905012784935695e-07
5046,0.0
5047,0.0
5048,2.8925496374608916e-06
5049,0.0
5050,0.0
5051,0.0
5052,5.904475143300867e-06
5053,3.7518942443144774e-05
5054,0.0
5055,5.90872041044377e-07
5056,6.58746503281773e-06
5057,0.0
5058,0.0
5059,1.973704839368718e-08
5060,0.0
5061,0.0
5062,0.0
5063,0.0
5064,0.0
5065,0.0
5066,0.0
5067,0.0
5068,1.449918444218648e-06
5069,0.0
5070,0.0
5071,0.0
5072,0.0
5073,0.0
5074,0.0
5075,0.0
5076,0.0
5077,0.0
5078,0.0
5079,0.0
5080,0.0
5081,2.99400021153758e-07
5082,0.0
5083,0.0
5084,2.1637152514500106e-05
5085,0.0
5086,0.0
5087,0.0
5088,0.0
5089,3.0618428795178915e-06
5090,5.098743827570225e-08
5091,0.0
5092,0.0
5093,0.0
5094,0.0
5095,0.0
5096,5.275819139672543e-07
5097,4.5151791768872685e-07
5098,2.8307789412767107e-05
5099,5.389017135970823e-05
5100,0.0
5101,0.0
5102,4.690665211529433e-08
5103,0.0
5104,7.349141184362892e-06
5105,0.0
5106,0.0
5107,2.498946618746137e-08
5108,0.0
5109,0.0
5110,8.240298907319432e-07
5111,0.0
5112,0.0
5113,9.613549348347914e-08
5114,0.0
5115,0.0
5116,0.0
5117,0.0
5118,1.4209174035209448e-07
5119,0.0
5120,0.0
5121,1.3621093253295419e-06
5122,1.3226319017230516e-07
5123,0.0
5124,4.905012784935695e-07
5125,0.0
5126,0.0
5127,1.8998181634443923e-07
5128,0.0
5129,0.0
5130,0.0
5131,3.865093895541531e-06
5132,4.145159975422303e-06
5133,0.0
5134,0.0
5135,6.58746503281773e-06
5136,0.0
5137,0.0
5138,8.814851083805955e-08
5139,1.973704839368718e-08
5140,0.0
5141,0.0
5142,0.0
5143,0.0
5144,0.0
5145,0.0
5146,0.0
5147,0.0
5148,1.5232598565417074e-06
5149,0.0
5150,0.0
5151,0.0
5152,0.0
5153,0.0
5154,6.065158185823465e-07
5155,0.0
5156,0.0
5157,0.0
5158,0.0
5159,0.0
5160,0.0
5161,2.99400021153758e-07
5162,0.0
5163,0.0
5164,7.155677122977597e-07
5165,0.0
5166,0.0
5167,0.0
5168,0.0
5169,3.227825438221623e-06
5170,5.098743827570225e-08
5171,0.0
5172,0.0
5173,0.0
5174,0.0
5175,0.0
5176,0.0
5177,0.0
5178,1.0364068123647158e-05
5179,4.5151791768872685e-07
5180,2.6597039374165972e-05
5181,4.24140846935556e-05
5182,0.0
5183,0.0
5184,5.3734436787561467e-05
5185,0.0
5186,3.157153476569464e-06
5187,0.0
5188,1.0308552388101586e-07
5189,1.3936766086616462e-08
5190,5.417675085882179e-07
5191,0.0
5192,0.00021066123690426908
5193,0.0
5194,0.0
5195,9.613549348347914e-08
5196,0.0
5197,0.0
5198,0.0
5199,0.0
5200,0.0
5201,0.0
5202,0.0
5203,7.134186907601525e-07
5204,1.3226319017230516e-07
5205,0.0
5206,4.905012784935695e-07
5207,0.0
5208,6.941335235217045e-08
5209,4.743420384900304e-06
5210,0.0
5211,8.615644829526776e-08
5212,1.5157348190548443e-06
5213,0.0
5214,1.4762416230545572e-06
5215,6.015382510224855e-06
5216,0.0
5217,0.0
5218,5.564184741968547e-06
5219,0.0
5220,0.0
5221,0.0
5222,0.0
5223,0.0
5224,0.0
5225,0.0
5226,3.621800419421497e-07
5227,0.0
5228,1.543062284964407e-06
5229,0.0
5230,4.845662992000921e-07
5231,0.0
5232,0.0
5233,1.2995250824409336e-07
5234,6.065158185823465e-07
5235,0.0
5236,0.0
5237,0.0
5238,1.3141787591800671e-06
5239,0.0
5240,0.0
5241,2.99400021153758e-07
5242,0.0
5243,1.896296159586453e-05
5244,0.0
5245,0.0
5246,0.0
5247,0.0
5248,0.0
5249,0.00025525502660211257
5250,0.0
5251,0.0
5252,0.0
5253,0.0
5254,0.0
5255,0.0
5256,0.005562554992955839
5257,4.5151791768872685e-07
5258,1.315247032410011e-05
5259,9.394949721437829e-07
5260,0.0
5261,0.0
5262,9.761864794679841e-05
5263,0.0
5264,3.8262377951690674e-07
5265,0.0
5266,1.1751306801386133e-07
5267,0.0
5268,0.030927987031429603
5269,0.0
5270,2.4382172403726243e-06
5271,0.0
5272,6.738663652293678e-08
5273,9.613549348347914e-08
5274,0.0
5275,0.0
5276,0.0
5277,0.0
5278,0.0
5279,0.0
5280,0.0
5281,7.134186907601525e-07
5282,1.3226319017230516e-07
5283,0.0
5284,5.113786463315299e-07
5285,0.0
5286,0.00020070812242952506
5287,4.661305841554958e-06
5288,4.743420384900304e-06
5289,0.0
5290,0.0
5291,0.0
5292,1.4316450798401622e-06
5293,0.0
5294,5.698724668520217e-05
5295,1.1559235702974928e-05
5296,0.0
5297,0.0
5298,0.00015094932317437509
5299,0.0
5300,0.0
5301,4.1443952426802337e-07
5302,0.0
5303,0.0
5304,0.0
5305,0.0
5306,3.621800419421497e-07
5307,0.0
5308,1.5817240956314852e-06
5309,0.0
5310,4.845662992000921e-07
5311,0.0
5312,0.0
5313,8.405464191925964e-07
5314,1.1029795163669145e-07
5315,5.065722703798088e-05
5316,0.0
5317,0.0
5318,8.500245706169205e-06
5319,0.0
5320,0.0
5321,2.99400021153758e-07
5322,0.0
5323,0.0
5324,0.0
5325,0.0
5326,0.0
5327,0.0
5328,2.5850097350067046e-07
5329,4.882228094903176e-05
5330,0.0
5331,0.0
5332,0.0
5333,0.0
5334,4.809213512158092e-07
5335,0.0
5336,0.0
5337,3.621800419421497e-07
5338,6.606144824208947e-05
5339,0.0002578958604732116
5340,2.823776588484895e-07
5341,1.2810046198374588e-05
5342,7.314137945907478e-07
5343,0.0
5344,0.0
5345,0.00010825716464637515
5346,0.0
5347,3.8262377951690674e-07
5348,0.0
5349,3.7931491665502574e-07
5350,0.0
5351,0.030253895996125338
5352,0.0
5353,0.0
5354,0.0
5355,6.738663652293678e-08
5356,9.613549348347914e-08
5357,0.0
5358,0.0
5359,0.0
5360,0.0
5361,0.0
5362,0.0
5363,0.0
5364,8.366329905614262e-07
5365,4.604407073146642e-08
5366,9.94532270203424e-08
5367,5.113786463315299e-07
5368,0.0
5369,0.00019724222779844223
5370,3.5691155848522007e-06
5371,5.486887933361708e-06
5372,0.0
5373,0.0
5374,0.0
5375,3.5053337772918274e-07
5376,0.0
5377,5.712553853190089e-05
5378,4.6967060701046337e-07
5379,0.0
5380,0.0
5381,0.04402964321689857
5382,0.0
5383,0.0
5384,3.7088810452301185e-06
5385,0.0
5386,0.0
5387,0.0
5388,0.0
5389,0.0
5390,1.5817240956314852e-06
5391,0.0
5392,4.845662992000921e-07
5393,0.0
5394,0.0
5395,8.405464191925964e-07
5396,0.0
5397,1.3574365738394564e-05
5398,0.0
5399,0.000868457323504707
5400,0.0
5401,0.0
5402,2.99400021153758e-07
5403,0.0
5404,0.0
5405,0.0
5406,0.0
5407,1.3745446747985113e-06
5408,0.0
5409,2.5850097350067046e-07
5410,0.0
5411,0.0
5412,0.0
5413,0.0
5414,0.0
5415,0.0
5416,8.358267670862158e-05
5417,6.738663652293678e-08
5418,0.0
5419,0.0
5420,1.9749166187545672e-07
5421,1.330112766567955e-07
5422,0.0
5423,0.0
5424,0.00013542862182932319
5425,0.0
5426,3.7150761410512674e-07
5427,0.0
5428,5.050076671959818e-06
5429,0.0
5430,0.0010250871364612558
5431,7.807861679129219e-08
5432,0.0
5433,0.0
5434,0.0
5435,0.0
5436,0.0
5437,0.0
5438,0.0
5439,0.0
5440,9.154768752612236e-07
5441,0.0
5442,1.2321429980127372e-07
5443,0.0
5444,1.82528431266665e-07
5445,5.113786463315299e-07
5446,0.0
5447,8.813078145968778e-08
5448,2.2584687213191726e-06
5449,1.4608486873117526e-06
5450,7.010576885573903e-07
5451,0.0
5452,0.0
5453,2.7147437633695624e-07
5454,0.0
5455,5.712553853190089e-05
5456,4.6967060701046337e-07
5457,0.0
5458,0.0
5459,0.00010483178213968219
5460,0.0
5461,0.0
5462,3.7088810452301185e-06
5463,0.0
5464,0.0
5465,0.0
5466,3.621800419421497e-07
5467,0.0
5468,1.0494974985180937e-06
5469,0.0
5470,4.845662992000921e-07
5471,0.0
5472,0.0
5473,8.405464191925964e-07
5474,0.0
5475,0.0
5476,0.0
5477,7.118835846818002e-06
5478,0.000868457323504707
5479,0.0
5480,0.0
5481,0.0002767114882617643
5482,3.940294526642849e-08
5483,3.940294526642849e-08
5484,0.0
5485,0.0
5486,1.045774978626036e-05
5487,0.0
5488,2.5850097350067046e-07
5489,2.0691371225694198e-07
5490,0.0
5491,0.0
5492,0.0
5493,0.0
5494,0.0
5495,0.0
5496,3.904938134511171e-07
5497,2.184446147945324e-05
5498,0.0
5499,0.0
5500,0.0
5501,0.0
5502,7.3955963642219934e-09
5503,0.007061548976156466
5504,0.11695978083318241
5505,3.5755026360157225e-07
5506,0.0
5507,5.109541739754545e-06
5508,0.0
5509,1.0945090014563036e-05
5510,7.807861679129219e-08
5511,0.0
5512,0.0
5513,2.3458946169191977e-08
5514,0.0
5515,0.0
5516,0.0
5517,0.0
5518,0.0
5519,0.0
5520,6.102443437842574e-08
5521,4.440590686298029e-08
5522,1.533130622590142e-07
5523,0.0
5524,1.82528431266665e-07
5525,0.0
5526,0.0
5527,7.583705182246896e-08
5528,1.1817898799237033e-06
5529,0.0
5530,0.0
5531,0.0
5532,6.372580806686027e-08
5533,0.0
5534,2.0004088498684753e-05
5535,1.3453292424316057e-07
5536,0.0
5537,0.0
5538,3.474378397682343e-06
5539,0.0
5540,0.0
5541,3.7088810452301185e-06
5542,0.0
5543,0.0
5544,0.0
5545,0.0
5546,3.621800419421497e-07
5547,0.0
5548,6.632425141471219e-07
5549,0.0
5550,2.175358330601365e-07
5551,0.0
5552,0.0
5553,8.405464191925964e-07
5554,0.0
5555,0.0
5556,0.0
5557,0.0
5558,0.000868457323504707
5559,0.0
5560,0.0
5561,0.0015585246031236196
5562,3.940294526642849e-08
5563,3.940294526642849e-08
5564,0.0
5565,0.0
5566,1.045774978626036e-05
5567,0.0
5568,0.0
5569,8.308283757303003e-06
5570,0.0
5571,0.0
5572,0.0
5573,0.0
5574,0.0
5575,0.0
5576,0.0
5577,2.872097055248094e-05
5578,3.839743075968143e-08
5579,0.0
5580,0.0
5581,2.2420333806143655e-06
5582,1.1085948540697188e-05
5583,0.0
5584,0.0
5585,0.0
5586,1.3528980251695396e-07
5587,0.013718441404903154
5588,1.01636055559033e-05
5589,7.424470535836545e-09
5590,0.0
5591,5.109541739754545e-06
5592,0.0
5593,3.894970408212749e-05
5594,7.807861679129219e-08
5595,0.0
5596,0.0
5597,0.0
5598,0.0
5599,0.0
5600,0.0
5601,0.0
5602,0.0
5603,0.0
5604,6.102443437842574e-08
5605,4.440590686298029e-08
5606,1.4305517356497914e-06
5607,0.0
5608,1.82528431266665e-07
5609,3.5576231744639546e-07
5610,0.0
5611,0.0
5612,7.583705182246896e-08
5613,8.773834456875455e-07
5614,0.0
5615,9.922829879592088e-08
5616,0.0
5617,0.0
5618,0.0
5619,3.4487517913187867e-07
5620,0.0
5621,0.0
5622,1.3782915707907304e-07
5623,0.0
5624,0.0
5625,3.7088810452301185e-06
5626,0.0
5627,0.0
5628,0.0
5629,0.0
5630,0.0
5631,0.0
5632,3.5253248624389473e-07
5633,0.0
5634,1.2000912385997577e-07
5635,0.0
5636,0.0
5637,6.157808007079041e-07
5638,0.0
5639,0.0
5640,0.0
5641,0.0
5642,0.0015315149841440287
5643,3.940294526642849e-08
5644,3.940294526642849e-08
5645,0.0
5646,0.0
5647,0.0
5648,0.0
5649,8.308283757303003e-06
5650,0.0
5651,0.0
5652,0.0
5653,0.0
5654,0.0
5655,0.0
5656,0.0
5657,8.308283757303003e-06
5658,3.37279279398867e-06
5659,0.00010681463827335218
5660,0.0
5661,0.0
5662,0.0
5663,2.2595895765626156e-07
5664,0.0003187427179296398
5665,1.01636055559033e-05
5666,1.0355050934516136e-06
5667,0.0
5668,5.139191214740317e-06
5669,0.0
5670,3.3218325606866684e-05
5671,7.807861679129219e-08
5672,0.0
5673,0.0
5674,0.0
5675,0.0
5676,1.240542465836919e-07
5677,0.0
5678,0.0
5679,0.0
5680,0.0
5681,0.0
5682,9.492948338104866e-08
5683,1.4305517356497914e-06
5684,0.0
5685,1.82528431266665e-07
5686,3.792996022559096e-08
5687,0.0
5688,0.0
5689,7.583705182246896e-08
5690,8.773834456875455e-07
5691,0.0
5692,2.0846122617546878e-07
5693,0.0
5694,0.0
5695,0.0
5696,2.214218028917044e-07
5697,3.839743075968143e-08
5698,0.0
5699,0.0
5700,0.0
5701,0.0
5702,3.7088810452301185e-06
5703,0.0
5704,0.0
5705,0.0
5706,4.1631531052752486e-07
5707,0.0
5708,0.0
5709,3.0276954066134424e-07
5710,0.0
5711,0.0
5712,0.0
5713,0.0
5714,0.0
5715,0.0
5716,0.0
5717,0.0
5718,0.0
5719,5.836368283346489e-07
5720,0.0
5721,0.0
5722,0.0
5723,3.940294526642849e-08
5724,3.940294526642849e-08
5725,0.0
5726,3.817173797515542e-06
5727,0.0
5728,0.0
5729,0.0
5730,0.0
5731,0.0
5732,0.0
5733,0.0
5734,0.0
5735,0.0
5736,0.0001070471574150645
5737,5.522741967786704e-06
5738,8.588586692606853e-08
5739,7.949358476740794e-08
5740,0.0
5741,0.0
5742,4.3986116550644735e-08
5743,2.2595895765626156e-07
5744,0.0003318394140002943
5745,9.550388681000385e-07
5746,4.5099773652531815e-06
5747,0.0
5748,5.139191214740317e-06
5749,0.0
5750,4.240057502720617e-06
5751,7.807861679129219e-08
5752,0.0
5753,0.0
5754,0.0
5755,0.0
5756,1.3175683057781262e-06
5757,2.7377390392499483e-07
5758,0.0
5759,0.0
5760,0.0
5761,0.0
5762,9.492948338104866e-08
5763,1.4305517356497914e-06
5764,0.0
5765,1.82528431266665e-07
5766,0.0
5767,0.0
5768,0.0
5769,7.583705182246896e-08
5770,2.3352149463250632e-07
5771,0.0
5772,6.952473026021741e-06
5773,0.0
5774,0.0
5775,0.0
5776,0.0
5777,0.0
5778,0.0
5779,8.792167126850442e-08
5780,0.0
5781,0.0
5782,3.7088810452301185e-06
5783,0.0
5784,0.0
5785,0.0
5786,1.0702109792777378e-05
5787,0.0
5788,0.0
5789,0.0
5790,0.0
5791,0.0
5792,0.0
5793,0.0
5794,0.0
5795,0.0
5796,0.0
5797,0.0
5798,0.0
5799,0.0
5800,0.0
5801,0.0
5802,3.940294526642849e-08
5803,3.940294526642849e-08
5804,0.0
5805,3.817173797515542e-06
5806,0.0
5807,0.0
5808,0.0
5809,3.343240669222877e-06
5810,0.0
5811,0.0
5812,0.0
5813,0.0
5814,0.0
5815,0.0
5816,4.586499894321474e-05
5817,4.833666080459295e-05
5818,0.0
5819,1.1076970121807578e-07
5820,4.3986116550644735e-08
5821,0.0003886453669129136
5822,0.00019818751003066276
5823,6.1772913167893665e-06
5824,1.3790883854762037e-05
5825,0.0
5826,6.274173665054816e-06
5827,0.0
5828,1.1443194633823785e-05
5829,7.807861679129219e-08
5830,0.0
5831,0.0
5832,0.0
5833,4.654001557788537e-06
5834,4.9263928042349785e-06
5835,2.7377390392499483e-07
5836,0.0
5837,0.0
5838,0.0
5839,0.0
5840,5.052357651806838e-08
5841,2.1568762808959345e-08
5842,0.0
5843,1.416186322979398e-07
5844,0.0
5845,0.0
5846,0.0
5847,0.0
5848,0.0
5849,0.0
5850,6.333443689455214e-06
5851,6.952473026021741e-06
5852,4.466604691490166e-08
5853,0.0
5854,0.0
5855,0.0
5856,0.0
5857,0.0
5858,1.0125818775969368e-06
5859,0.0
5860,0.0
5861,0.0
5862,0.0
5863,8.039224808554421e-07
5864,0.0
5865,1.0796162510474725e-05
5866,0.0
5867,0.0
5868,0.0
5869,0.0
5870,0.0
5871,0.0
5872,1.7308696078345223e-07
5873,0.0
5874,0.0
5875,0.0
5876,0.0
5877,0.0
5878,0.0
5879,0.0
5880,0.00018649445604365048
5881,0.0
5882,2.3011382529880432e-08
5883,2.3011382529880432e-08
5884,0.0
5885,7.275703456527964e-07
5886,0.0
5887,0.0
5888,0.0
5889,3.343240669222877e-06
5890,0.0
5891,0.0
5892,1.2230315898500061e-06
5893,0.0
5894,0.0
5895,0.0
5896,0.0
5897,8.074806657801015e-08
5898,2.295157437708243e-06
5899,0.00010791960473986239
5900,3.1474284554463636e-06
5901,0.0
5902,1.1076970121807578e-07
5903,4.3986116550644735e-08
5904,0.03303478643154156
5905,0.0
5906,0.0
5907,9.096341143827011e-05
5908,0.0
5909,4.848875162847886e-05
5910,0.0
5911,3.933413570449748e-07
5912,0.0
5913,0.0
5914,0.0
5915,0.0
5916,0.0
5917,0.0
5918,2.3054030659017686e-06
5919,1.2478342720815245e-08
5920,0.0
5921,7.221549273284373e-07
5922,0.0
5923,5.052357651806838e-08
5924,2.1568762808959345e-08
5925,0.0
5926,0.0
5927,0.0
5928,0.0
5929,0.0
5930,0.0
5931,0.0
5932,2.447861047473868e-06
5933,5.123427931413756e-07
5934,0.0
5935,1.3716744357573856e-07
5936,0.0
5937,0.0
5938,0.0
5939,9.625537354058083e-07
5940,0.0
5941,0.0
5942,0.0
5943,1.544925643163043e-05
5944,1.851939051056927e-07
5945,0.0
5946,9.405271769734753e-08
5947,9.284081088726145e-07
5948,0.0
5949,0.0
5950,2.999860249014918e-08
5951,0.0
5952,0.0
5953,0.0
5954,0.0
5955,1.2252458854158867e-07
5956,0.0
5957,0.0
5958,1.2906628081959e-07
5959,0.0
5960,0.0
5961,1.750401650861625e-05
5962,0.0
5963,0.0
5964,4.940899807884878e-07
5965,0.0
5966,0.0
5967,2.9827754936263572e-05
5968,8.073037464045469e-07
5969,0.0
5970,0.0
5971,5.58993534163178e-07
5972,1.2834955512286548e-05
5973,0.0
5974,0.0
5975,0.0
5976,1.693007097579665e-05
5977,2.1592132087114595e-06
5978,0.0
5979,1.1076970121807578e-07
5980,4.3986116550644735e-08
5981,0.005235668691114199
5982,0.0
5983,0.0
5984,1.3790883854762037e-05
5985,0.0
5986,1.2061511403438128e-05
5987,0.0
5988,1.046331387727643e-05
5989,7.807861679129219e-08
5990,0.0
5991,0.0
5992,0.0
5993,0.0
5994,4.9263928042349785e-06
5995,2.5982665472803795e-07
5996,1.2478342720815245e-08
5997,0.0
5998,7.064317889857107e-07
5999,0.0
6000,5.052357651806838e-08
6001,2.1568762808959345e-08
6002,0.0
6003,0.0
6004,0.0
6005,0.0
6006,0.0
6007,0.0
6008,0.0
6009,0.0
6010,6.333443689455214e-06
6011,5.123427931413756e-07
6012,1.1999681805684747e-05
6013,0.0
6014,2.3616666288486228e-07
6015,0.0
6016,0.0
6017,0.0
6018,1.0125818775969368e-06
6019,0.0
6020,0.0
6021,0.0
6022,1.861914475022453e-05
6023,7.563126093297305e-07
6024,0.0
6025,9.405271769734753e-08
6026,0.0
6027,0.0
6028,0.0
6029,0.0
6030,0.0
6031,0.0
6032,0.0
6033,0.0
6034,2.8024980816272577e-08
6035,0.0
6036,0.0
6037,0.0
6038,0.0
6039,0.0
6040,0.0001868727946475009
6041,0.0
6042,0.0
6043,6.500707741575912e-05
6044,0.0
6045,1.290188392708709e-07
6046,0.0
6047,0.0004797868833763814
6048,8.073037464045469e-07
6049,4.919651623462574e-07
6050,0.0
6051,0.0
6052,1.2834955512286548e-05
6053,0.0
6054,0.0
6055,0.0
6056,0.007972878627236965
6057,5.854027174312531e-05
6058,0.0
6059,1.1076970121807578e-07
6060,4.3986116550644735e-08
6061,2.7172671761812135e-06
6062,0.0006723094542030004
6063,6.1772913167893665e-06
6064,1.2185756214145924e-05
6065,0.0
6066,5.533787413776496e-06
6067,0.0
6068,1.1443194633823785e-05
6069,7.807861679129219e-08
6070,0.0
6071,0.0
6072,0.0
6073,0.0
6074,4.9263928042349785e-06
6075,2.7377390392499483e-07
6076,0.0
6077,0.0
6078,0.0
6079,0.0
6080,5.052357651806838e-08
6081,7.796469281726153e-05
6082,0.0
6083,1.82528431266665e-07
6084,0.0
6085,0.0
6086,0.0
6087,0.0
6088,0.0
6089,0.0
6090,6.321335549029395e-06
6091,6.952473026021741e-06
6092,0.0
6093,0.0
6094,0.0
6095,0.0
6096,0.0
6097,0.0
6098,1.0125818775969368e-06
6099,0.0
6100,0.0
6101,1.226573377869979e-07
6102,0.0
6103,0.0
6104,0.0
6105,1.0796162510474725e-05
6106,0.0
6107,0.0
6108,0.0
6109,0.0
6110,0.0
6111,0.0
6112,0.0
6113,0.0
6114,0.0
6115,0.0
6116,0.0
6117,0.0
6118,0.0
6119,0.0
6120,5.433911746264269e-07
6121,0.0
6122,3.940294526642849e-08
6123,0.0
6124,0.0
6125,5.542653650131589e-07
6126,0.0
6127,0.0
6128,0.0
6129,3.343240669222877e-06
6130,0.0
6131,0.0
6132,2.869581112103288e-07
6133,0.0
6134,0.0
6135,0.0
6136,0.0
6137,0.0
6138,0.00012238766963418337
6139,2.3278247420077097e-07
6140,0.0
6141,1.1076970121807578e-07
6142,4.3986116550644735e-08
6143,0.997521450364534
6144,0.0
6145,0.0
6146,0.0002600662494421953
6147,0.0
6148,0.0013037066977342965
6149,0.0
6150,0.0
6151,0.008835756975621183
6152,0.0
6153,0.0
6154,0.0
6155,0.0
6156,0.0
6157,2.1733006200015553e-06
6158,0.0
6159,0.0
6160,8.639605977780897e-07
6161,0.0
6162,5.052357651806838e-08
6163,0.0
6164,2.3834431582460904e-08
6165,0.0
6166,0.0
6167,0.0
6168,0.0
6169,0.0
6170,0.0
6171,1.6737155430475875e-06
6172,7.828566416167614e-07
6173,1.5282542407633697e-06
6174,0.0
6175,0.0
6176,0.0
6177,0.0
6178,0.0
6179,0.0
6180,0.0
6181,0.0
6182,0.0
6183,3.157803575319291e-07
6184,1.5224195908676336e-07
6185,0.0
6186,9.405271769734753e-08
6187,1.0022406374333182e-06
6188,0.0
6189,0.0
6190,3.7118097134101106e-07
6191,0.0
6192,0.0
6193,0.0
6194,0.0
6195,2.5213018470134725e-07
6196,0.0
6197,1.7074776843990773e-05
6198,2.1787638969398094e-07
6199,0.0
6200,0.0
6201,0.0
6202,0.0001423863365207168
6203,9.314499531081547e-07
6204,0.0
6205,0.0
6206,0.0
6207,0.0
6208,8.073037464045469e-07
6209,0.0
6210,0.0
6211,0.0
6212,1.2834955512286548e-05
6213,0.0
6214,0.0
6215,0.0
6216,1.4329441061866384e-05
6217,0.00010188434937914676
6218,2.3278247420077097e-07
6219,0.0
6220,1.1076970121807578e-07
6221,4.3986116550644735e-08
6222,0.9978234501029452
6223,0.0
6224,0.0
6225,1.6562650744884995e-05
6226,0.0
6227,0.0
6228,0.0
6229,0.0
6230,0.007391401322309452
6231,0.0
6232,0.0
6233,0.0
6234,0.0
6235,0.0
6236,3.242056352415166e-07
6237,0.0
6238,0.0
6239,1.0228977812562462e-06
6240,0.0
6241,5.052357651806838e-08
6242,0.0
6243,1.0808876315454257e-07
6244,0.0
6245,0.0
6246,0.0
6247,0.0
6248,0.0
6249,2.1052928178957863e-07
6250,0.0
6251,5.680807749600922e-07
6252,6.044975095300018e-07
6253,5.419129138820765e-08
6254,0.0
6255,0.0
6256,0.0
6257,0.0
6258,0.0
6259,1.5188885537793216e-06
6260,0.0
6261,0.0
6262,0.0
6263,3.157803575319291e-07
6264,1.335250322770275e-07
6265,0.0
6266,9.405271769734753e-08
6267,1.0022406374333182e-06
6268,0.0
6269,0.0
6270,9.05882140840177e-06
6271,0.0
6272,0.0
6273,0.0
6274,0.0
6275,3.865174737460366e-07
6276,0.0
6277,0.0
6278,0.0
6279,0.0
6280,0.0
6281,0.0
6282,0.0001419045099191671
6283,9.314499531081547e-07
6284,0.0
6285,0.0
6286,0.0
6287,0.0
6288,8.073037464045469e-07
6289,3.0854605562008426e-07
6290,0.0
6291,0.0
6292,1.2834955512286548e-05
6293,0.0
6294,0.0
6295,0.0
6296,0.0
6297,1.5739785729201405e-05
6298,0.0
6299,0.0
6300,1.1076970121807578e-07
6301,1.2665938036337048e-08
6302,1.0
6303,0.0
6304,0.0
6305,3.0848899373342283e-06
6306,0.0
6307,2.910839575729509e-08
6308,0.0
6309,0.0
6310,9.019965253916828e-05
6311,0.0
6312,0.0
6313,0.0
6314,0.0
6315,0.0
6316,2.889046644893481e-07
6317,0.0
6318,0.004716420443234564
6319,0.0
6320,0.0
6321,0.0
6322,0.0
6323,0.0
6324,0.0
6325,0.0
6326,0.0
6327,3.152712041967147e-06
6328,0.0
6329,5.680807749600922e-07
6330,6.044975095300018e-07
6331,0.0
6332,0.0
6333,0.0
6334,0.0
6335,0.0
6336,1.5188885537793216e-06
6337,3.6767698238802964e-07
6338,0.0
6339,0.0
6340,3.157803575319291e-07
6341,5.979880090778144e-08
6342,0.0
6343,0.0
6344,1.0022406374333182e-06
6345,0.0
6346,0.0
6347,5.362236779726137e-08
6348,0.0
6349,1.055710110384787e-06
6350,4.279617859718644e-08
6351,0.0
6352,1.558489663276052e-06
6353,2.6850121631389714e-07
6354,0.0
6355,0.0
6356,0.0
6357,0.0
6358,0.0
6359,0.0
6360,4.643609049586744e-07
6361,0.0
6362,0.0
6363,0.0
6364,0.0
6365,8.073037464045469e-07
6366,7.277302548427815e-07
6367,0.0
6368,0.0
6369,1.2834955512286548e-05
6370,0.0
6371,0.0
6372,0.0
6373,1.0596773361265003e-06
6374,3.559528566849304e-05
6375,0.0
6376,0.0
6377,0.0
6378,1.2665938036337048e-08
6379,0.02578801026018621
6380,0.0
6381,3.3105543623009366e-07
6382,2.4545330588426926e-06
6383,0.0
6384,4.151822292163942e-08
6385,0.0
6386,0.0
6387,2.3963903414919998e-05
6388,0.0
6389,0.0
6390,0.0
6391,0.0
6392,0.0
6393,0.0
6394,0.0
6395,0.0
6396,3.932687411956177e-06
6397,0.0
6398,0.0
6399,0.0
6400,1.0808876315454257e-07
6401,0.0
6402,0.0
6403,0.0
6404,8.947817856757188e-06
6405,0.0
6406,0.0
6407,0.0
6408,5.680807749600922e-07
6409,6.044975095300018e-07
6410,0.0
6411,0.0
6412,0.0
6413,0.0
6414,0.0
6415,0.0
6416,3.6767698238802964e-07
6417,0.0
6418,0.0
6419,3.157803575319291e-07
6420,0.0
6421,0.0
6422,1.0022406374333182e-06
6423,0.0
6424,0.0
6425,0.0
6426,1.661155073532661e-06
6427,1.055710110384787e-06
6428,4.279617859718644e-08
6429,0.004513036404950917
6430,4.6678367631593075e-06
6431,1.5487524841459006e-07
6432,0.0
6433,0.0
6434,0.0
6435,0.0
6436,0.0
6437,0.0
6438,4.643609049586744e-07
6439,6.9937296124384e-07
6440,0.0
6441,0.0
6442,0.0
6443,8.073037464045469e-07
6444,0.0
6445,0.0
6446,1.2834955512286548e-05
6447,0.0
6448,0.0
6449,0.0
6450,0.0
6451,0.0
6452,5.610022220482551e-07
6453,0.0
6454,0.0
6455,3.6767698238802964e-07
6456,3.6767698238802964e-07
6457,0.0
6458,0.0
6459,0.0
6460,0.0
6461,2.4130449847724534e-07
6462,0.0
6463,0.0
6464,0.0
6465,0.0
6466,3.664133649159067e-07
6467,0.0
6468,0.0
6469,0.0
6470,0.0
6471,0.0
6472,0.0
6473,0.0
6474,3.6767698238802964e-07
6475,0.0
6476,0.0
6477,1.4516900499376625e-07
6478,1.4516900499376625e-07
6479,0.0
6480,0.0
6481,0.0
6482,0.0
6483,0.0
6484,0.0
6485,0.0
6486,0.0
6487,0.0
6488,0.0
6489,0.0
6490,0.0
6491,0.0
6492,0.0
6493,0.0
6494,0.0
6495,0.0
6496,0.0
6497,0.0
6498,0.0
6499,0.0
6500,1.3559563504011672e-06
6501,0.0
6502,0.0
6503,0.0
6504,0.0
6505,0.0
6506,0.0
6507,0.0
6508,0.0
6509,0.0
6510,0.0
6511,0.0
6512,0.0
6513,0.0
6514,0.0
6515,0.0
6516,0.0
6517,0.0
6518,0.0
6519,0.0
6520,0.0
6521,0.0
6522,1.816795355609344e-05
6523,0.0
6524,0.0
6525,0.0
6526,0.0
6527,0.0
6528,0.0
6529,0.0
6530,0.0
6531,0.0
6532,0.0
6533,0.0
6534,0.0
6535,0.0
6536,0.0
6537,0.0
6538,0.0
6539,0.0
6540,0.0
6541,0.0
6542,0.0
6543,0.0
6544,0.0
6545,5.907132427642409e-08
6546,5.907132427642409e-08
6547,0.0
6548,0.0
6549,0.0
6550,0.0
6551,0.0
6552,2.995411305416504e-07
6553,0.0
6554,0.0
6555,0.0
6556,0.0
6557,0.0
6558,0.0
6559,0.0
6560,0.0
6561,0.0
6562,0.0
6563,1.973704839368718e-08
6564,1.973704839368718e-08
6565,0.0
6566,0.0
6567,0.0
6568,0.0
6569,0.0
6570,0.0
6571,5.907132427642409e-08
6572,0.0
6573,0.0
6574,0.0
6575,0.0
6576,0.0
6577,0.0
6578,0.0
6579,0.0
6580,0.0
6581,0.0
6582,0.0
6583,0.0
6584,0.0
6585,0.0
6586,0.0
6587,0.0
6588,0.0
6589,0.0
6590,0.0
6591,0.0
6592,0.0
6593,0.0
6594,0.0
6595,0.0
6596,0.0
6597,0.0
6598,0.0
6599,0.0
6600,2.0059140252294633e-05
6601,2.0059140252294633e-05
6602,0.0
6603,0.0
6604,0.0
6605,0.0
6606,1.973704839368718e-08
6607,0.0
6608,0.0
6609,0.0
6610,0.0
6611,0.0
6612,0.0
6613,0.0
6614,0.0
6615,0.0
6616,0.0
6617,0.0
6618,0.0
6619,0.0
6620,0.0
6621,0.0
6622,6.738663652293678e-08
6623,0.0
6624,0.0
6625,0.0
6626,0.0
6627,0.0
6628,1.4209174035209448e-07
6629,0.0
6630,0.0
6631,0.0
6632,0.0
6633,0.0
6634,0.0
6635,3.621800419421497e-07
6636,0.0
6637,0.0
6638,0.0
6639,0.0
6640,0.0
6641,7.155677122977597e-07
6642,0.0
6643,0.0
6644,0.0
6645,9.613549348347914e-08
6646,0.0
6647,0.0
6648,0.0
6649,0.0
6650,0.0
6651,0.0
6652,0.0
6653,0.0
6654,0.00019724222779844223
6655,1.4608486873117526e-06
6656,0.0
6657,0.0
6658,0.0
6659,0.0
6660,3.621800419421497e-07
6661,0.0
6662,0.0
6663,0.0
6664,0.0
6665,0.0
6666,0.0
6667,0.0
6668,6.102443437842574e-08
6669,6.102443437842574e-08
6670,9.492948338104866e-08
6671,0.0
6672,0.0
6673,1.3453292424316057e-07
6674,3.474378397682343e-06
6675,0.0
6676,0.0
6677,0.0
6678,0.0
6679,0.0
6680,0.0
6681,0.0
6682,0.000868457323504707
6683,0.0
6684,0.0
6685,0.0
6686,0.0
6687,0.0
6688,1.240542465836919e-07
6689,1.3175683057781262e-06
6690,0.0
6691,0.0
6692,0.0
6693,0.0
6694,0.0
6695,0.0
6696,0.0
6697,0.0
6698,3.7088810452301185e-06
6699,3.7088810452301185e-06
6700,0.0
6701,0.0
6702,0.0
6703,0.0
6704,0.0
6705,8.074806657801015e-08
6706,0.0
6707,1.2478342720815245e-08
6708,0.0
6709,0.0
6710,2.1568762808959345e-08
6711,0.0
6712,0.0
6713,2.3616666288486228e-07
6714,9.625537354058083e-07
6715,0.0
6716,0.0
6717,0.0
6718,0.0
6719,8.039224808554421e-07
6720,0.0
6721,0.0
6722,0.0
6723,0.0
6724,0.0
6725,0.0
6726,0.0
6727,0.0
6728,0.0
6729,4.9263928042349785e-06
6730,0.0
6731,0.0
6732,0.0
6733,0.0
6734,0.0
6735,0.0
6736,0.0
6737,1.226573377869979e-07
6738,3.157803575319291e-07
6739,0.0
6740,0.0
6741,0.0
6742,1.290188392708709e-07
6743,1.290188392708709e-07
6744,0.0
6745,0.0
6746,0.0
6747,0.0
6748,0.0
6749,0.0
6750,0.0
6751,0.0
6752,0.0
6753,0.0
6754,0.0
6755,3.6767698238802964e-07
6756,0.0
6757,0.0
6758,1.335250322770275e-07
6759,5.979880090778144e-08
6760,0.0
6761,0.0
6762,0.0
6763,0.0
6764,0.0
6765,0.0
6766,0.0
6767,0.0
6768,0.0
6769,0.0
6770,2.282835996432904e-05
6771,0.0
6772,0.0
6773,3.932687411956177e-06
6774,1.0808876315454257e-07
6775,0.0
6776,0.0
6777,0.0
6778,3.6767698238802964e-07
6779,0.0
6780,0.0
6781,0.0
6782,4.279116051340019e-07
6783,0.0
6784,0.0
6785,0.0
6786,1.0378702353842016e-06
6787,1.3527412511247872e-05
30393,1.40185225215577e-07
30394,0.0
30395,0.0
30396,0.0
30397,0.0
30398,0.0
30399,0.0
30400,0.0
30401,0.0
30402,0.0
30403,1.6038413534755478e-06
30404,0.0
30405,0.0
30406,0.0
30407,1.6038413534755478e-06
30408,3.1878241684048856e-08
30409,0.0
30410,0.0
30411,1.40185225215577e-07
30412,0.0
30413,1.7617613907393614e-06
30414,0.0
30415,0.0
30416,0.0
30417,0.0
30418,0.0
30419,0.0
30420,0.0
30421,0.0
30422,0.0
30423,0.0
30424,0.0
30425,0.0
30426,0.0
30427,0.0
30428,0.0
30429,0.0
30430,1.40185225215577e-07
30431,1.5781786834233287e-05
30432,0.0
30433,0.0
30434,0.0
30435,1.6038413534755478e-06
30436,1.6038413534755478e-06
30437,0.0
30438,0.0
30439,0.0
30440,0.0
30441,0.0
30442,0.0
30443,0.0
30444,0.0
30445,0.0
30446,0.0
30447,0.0
30448,0.0
30449,1.40185225215577e-07
30450,0.0
30451,0.0
30452,0.0
30453,0.0
30454,1.7617613907393614e-06
30455,0.0
30456,0.0
30457,0.0
30458,1.6038413534755478e-06
30459,1.6038413534755478e-06
30460,0.0
30461,0.0
30462,0.0
30463,2.061918023725516e-07
30464,0.0
30465,0.0
30466,0.0
30467,0.0
30468,0.0
30469,0.0
30470,0.0
30471,0.0
30472,0.0
30473,0.0
30474,0.0
30475,0.0
30476,0.0
30477,0.0
30478,0.0
30479,0.0
30480,0.0
30481,0.0
30482,0.0
30483,0.0
30484,0.0
30485,7.747332235408377e-08
30486,1.40185225215577e-07
30487,1.40185225215577e-07
30488,0.0
30943,0.0
30944,0.0
30945,0.0
30946,0.0
30947,0.0
30948,0.0
30949,0.0
30950,0.0
30951,0.0
30952,0.0
30953,0.0
30954,0.0
30955,0.0
30956,0.0
30957,0.0
30958,0.0
30959,0.0
30960,7.747332235408377e-08
30961,1.40185225215577e-07
30962,1.40185225215577e-07
30963,0.0
31403,1.40185225215577e-07
31404,0.0
31405,0.0
31406,0.0
31407,0.0
31408,0.0
31409,0.0
31410,0.0
31411,0.0
31412,0.0
31413,1.6038413534755478e-06
31414,0.0
31415,0.0
31416,0.0
31417,1.6038413534755478e-06
31418,3.1878241684048856e-08
31419,0.0
31420,0.0
31421,1.40185225215577e-07
31422,0.0
31423,1.7617613907393614e-06
31424,0.0
31425,0.0
31426,0.0
31427,0.0
31428,0.0
31429,0.0
31430,0.0
31431,0.0
31432,0.0
31433,0.0
31434,0.0
31435,0.0
31436,0.0
31437,0.0
31438,0.0
31439,0.0
31440,1.40185225215577e-07
31441,1.5781786834233287e-05
31442,0.0
31443,0.0
31444,0.0
31445,1.6038413534755478e-06
31446,1.6038413534755478e-06
31447,0.0
31448,0.0
31449,0.0
31450,0.0
31451,0.0
31452,0.0
31453,0.0
31454,0.0
31455,0.0
31456,0.0
31457,0.0
31458,0.0
31459,1.40185225215577e-07
31460,0.0
31461,0.0
31462,0.0
31463,0.0
31464,1.7617613907393614e-06
31465,0.0
31466,0.0
31467,0.0
31468,1.6038413534755478e-06
31469,1.6038413534755478e-06
31470,0.0
31471,0.0
31472,0.0
31473,2.061918023725516e-07
31474,0.0
31475,0.0
31476,0.0
31477,0.0
31478,1.40185225215577e-07
31479,0.0
31480,0.0
31481,0.0
31482,0.0
31483,0.0
31484,0.0
31485,0.0
31486,0.0
31487,0.0
31488,1.6038413534755478e-06
31489,0.0
31490,0.0
31491,0.0
31492,1.6038413534755478e-06
31493,3.1878241684048856e-08
31494,0.0
31495,0.0
31496,1.40185225215577e-07
31497,0.0
31498,1.7617613907393614e-06
31499,0.0
31500,0.0
31501,0.0
31502,0.0
31503,0.0
31504,0.0
31505,0.0
31506,0.0
31507,0.0
31508,0.0
31509,0.0
31510,0.0
31511,0.0
31512,0.0
31513,0.0
31514,0.0
31515,1.40185225215577e-07
31516,1.5781786834233287e-05
31517,0.0
31518,0.0
31519,0.0
31520,1.6038413534755478e-06
31521,1.6038413534755478e-06
31522,0.0
31523,0.0
31524,0.0
31525,0.0
31526,0.0
31527,0.0
31528,0.0
31529,0.0
31530,0.0
31531,0.0
31532,0.0
31533,0.0
31534,1.40185225215577e-07
31535,0.0
31536,0.0
31537,0.0
31538,0.0
31539,1.7617613907393614e-06
31540,0.0
31541,0.0
31542,0.0
31543,1.6038413534755478e-06
31544,1.6038413534755478e-06
31545,0.0
31546,0.0
31547,0.0
31548,2.061918023725516e-07
31549,0.0
31550,0.0
31551,0.0
31552,0.0
31553,0.0
31554,0.0
31715,1.40185225215577e-07
31716,0.0
31717,0.0
31718,0.0
31719,0.0
31720,0.0
31721,0.0
31722,0.0
31723,0.0
31724,0.0
31725,1.6038413534755478e-06
31726,0.0
31727,0.0
31728,0.0
31729,1.6038413534755478e-06
31730,3.1878241684048856e-08
31731,0.0
31732,0.0
31733,1.40185225215577e-07
31734,0.0
31735,1.7617613907393614e-06
31736,0.0
31737,0.0
31738,0.0
31739,0.0
31740,0.0
31741,0.0
31742,0.0
31743,0.0
31744,0.0
31745,0.0
31746,0.0
31747,0.0
31748,0.0
31749,0.0
31750,0.0
31751,0.0
31752,1.40185225215577e-07
31753,1.5781786834233287e-05
31754,0.0
31755,0.0
31756,0.0
31757,1.6038413534755478e-06
31758,1.6038413534755478e-06
31759,0.0
31760,0.0
31761,0.0
31762,0.0
31763,0.0
31764,0.0
31765,0.0
31766,0.0
31767,0.0
31768,0.0
31769,0.0
31770,0.0
31771,1.40185225215577e-07
31772,0.0
31773,0.0
31774,0.0
31775,0.0
31776,1.7617613907393614e-06
31777,0.0
31778,0.0
31779,0.0
31780,1.6038413534755478e-06
31781,1.6038413534755478e-06
31782,0.0
31783,0.0
31784,0.0
31785,2.061918023725516e-07
31786,0.0
31787,0.0
31788,0.0
31789,0.0
31856,0.0
31857,0.0
31858,0.0
31859,0.0
31860,0.0
31861,0.0
31862,0.0
31863,0.0
31864,0.0
31865,0.0
31866,0.0
31867,0.0
31868,0.0
31869,0.0
31870,0.0
31871,0.0
31872,0.0
31873,0.0
31874,7.747332235408377e-08
31875,1.40185225215577e-07
31876,1.40185225215577e-07
31877,0.0
31878,0.0
31879,0.0
31880,0.0
31881,0.0
31882,0.0
31883,0.0
31884,0.0
31885,0.0
31886,0.0
31887,0.0
31888,0.0
31889,0.0
31890,0.0
31891,0.0
31892,0.0
31893,0.0
31894,0.0
31895,7.747332235408377e-08
31896,1.40185225215577e-07
31897,1.40185225215577e-07
31898,0.0
31899,0.0
31900,0.0
31901,0.0
31902,0.0
31903,0.0
31904,0.0
31905,0.0
31906,0.0
31907,0.0
31908,0.0
31909,0.0
31910,0.0
31911,0.0
31912,0.0
31913,0.0
31914,0.0
31915,0.0
31916,7.747332235408377e-08
31917,1.40185225215577e-07
31918,1.40185225215577e-07
31919,0.0
32151,0.0
32152,0.0
32153,0.0
32154,0.0
32155,0.0
32156,0.0
32157,0.0
32158,0.0
32159,0.0
32160,0.0
32161,0.0
32162,0.0
32163,0.0
32164,0.0
32165,0.0
32166,0.0
32167,0.0
32168,7.747332235408377e-08
32169,1.40185225215577e-07
32170,1.40185225215577e-07
32171,0.0
34750,1.344730680186835e-05
34751,0.0
34752,0.0
34753,9.10408005909922e-07
34754,0.0
34755,0.0
34756,0.0
34757,8.750520542769592e-06
34758,0.0
34759,1.344730680186835e-05
34760,0.0
34761,9.10408005909922e-07
34762,3.245437125143495e-07
34763,0.0
34764,7.40929378322768e-05
34765,9.10408005909922e-07
34766,0.0
34767,0.0
34768,0.0
34769,0.0
34770,0.0
34771,0.0
34772,0.0
34773,1.7052592387630543e-08
34774,0.0
34775,0.0
34776,0.0
34777,6.471064965522008e-06
34778,0.0
34779,0.0
34780,7.378318211827526e-05
34781,0.0
34782,0.0
34783,0.0
34784,0.0
34785,6.471064965522008e-06
34786,0.0
34787,0.0
34788,0.0
34789,0.0
34790,0.0
34791,0.0
34792,0.0
34793,0.0
34794,7.40929378322768e-05
34795,9.10408005909922e-07
34796,0.0
34797,0.0
34798,1.344730680186835e-05
34799,7.392327822890732e-05
34800,6.471064965522008e-06
34801,0.0
34802,0.0
34803,1.7052592387630543e-08
34804,0.0
34805,0.0
34806,0.0
34807,1.7052592387630543e-08
34808,0.0
34809,0.0
34810,0.0
34811,0.0
34812,0.0
34813,0.0
34814,1.4922399055759853e-06
34815,3.245437125143495e-07
34816,0.0
34817,0.0
34818,0.0
34819,0.0
34820,0.0
34821,0.0
34822,0.0
34823,0.0
34824,0.0
34825,0.0
34826,1.5409465923495438e-07
34827,0.0
34828,0.0
34829,7.392327822890732e-05
34830,9.10408005909922e-07
34831,0.0
34832,0.0
34833,0.0
34834,0.0
34835,0.0
34836,6.754804406385992e-08
34837,0.0
34838,1.5409465923495438e-07
34839,0.0
34840,0.0
34841,0.0
34842,0.0
34843,0.0
34844,0.0
34845,0.0
34846,9.10408005909922e-07
34847,1.7052592387630543e-08
34848,0.0
34849,0.0
34850,0.0
34851,1.344730680186835e-05
34852,0.0
34853,0.0
34854,0.0
34855,1.7052592387630543e-08
34856,0.0
34857,0.0
34858,0.0
34859,1.329514424162328e-05
34860,0.0
34861,7.230856798424649e-07
34862,0.0
34863,0.0
34864,6.471064965522008e-06
34865,0.0
34866,0.0
34867,0.0
34868,0.0
34869,0.0
34870,0.0
34871,0.0
34872,0.0
34873,0.0
34874,0.0
34875,0.0
34876,1.4922399055759853e-06
34877,0.0
34878,0.0
34879,0.0
34880,0.0
34881,9.10408005909922e-07
34882,0.0
34883,0.0
34884,6.471064965522008e-06
34885,0.0
34886,7.40929378322768e-05
34887,9.10408005909922e-07
34888,0.0
34889,0.0
34890,2.0273707462859072e-07
34891,0.0
34892,0.0
34893,0.0
34894,0.0
34895,0.0
34896,0.0
34897,0.0
34898,1.7052592387630543e-08
34899,0.0
34900,0.0
34901,0.0
34902,6.471064965522008e-06
34903,0.0
34904,0.0
34905,6.754804406385992e-08
34906,0.0
34907,0.0
34908,0.0
34909,0.0
34910,0.0
34911,0.0
34912,0.0
34913,8.750520542769592e-06
34914,0.0
34915,0.0
34916,0.0
34917,1.344730680186835e-05
34918,7.392327822890732e-05
34919,0.0
34920,1.4922399055759853e-06
34921,3.245437125143495e-07
34922,0.0
34923,0.0
34924,0.0
34925,0.0
34926,0.0
34927,0.0
34928,0.0
34929,1.4922399055759853e-06
34930,3.245437125143495e-07
34931,0.0
34932,0.0
34933,7.58310307687412e-05
34934,0.0
34935,1.7052592387630543e-08
34936,0.0
34937,0.0
34938,0.0
34939,0.0
34940,0.0
34941,0.0
34942,0.0
34943,6.471064965522008e-06
34944,0.0
34945,3.245437125143495e-07
34946,0.0
34947,7.40929378322768e-05
34948,9.10408005909922e-07
34949,0.0
34950,0.0
34951,1.344730680186835e-05
34952,7.392327822890732e-05
34953,0.0
34954,0.0
34955,0.0
34956,0.0
34957,0.0
34958,0.0
34959,0.0
34960,6.754804406385992e-08
34961,0.0
34962,0.0
34963,0.0
34964,0.0
34965,0.0
34966,0.0
34967,8.750520542769592e-06
34968,0.0
34969,1.344730680186835e-05
34970,0.0
34971,9.10408005909922e-07
34972,0.0
34973,0.0
34974,0.0
34975,0.0
34976,0.0
34977,0.0
34978,6.559601139582005e-06
34979,0.0
34980,1.7052592387630543e-08
34981,0.0
34982,0.0
34983,0.0
34984,1.5409465923495438e-07
34985,0.0
34986,6.559601139582005e-06
34987,0.0
34988,0.0
34989,0.0
34990,7.40929378322768e-05
34991,9.10408005909922e-07
34992,0.0
34993,0.0
34994,2.0273707462859072e-07
34995,0.0
34996,1.329514424162328e-05
34997,7.58310307687412e-05
34998,7.40929378322768e-05
34999,9.10408005909922e-07
35000,0.0
35001,0.0
35002,0.0
35003,0.0
35004,0.0
35005,0.0
35006,1.4922399055759853e-06
35007,3.245437125143495e-07
35008,0.0
35009,6.559601139582005e-06
35010,0.0
35011,0.0
35012,0.0
35013,0.0
35014,0.0
35015,0.0
35016,0.0
35017,0.0
35018,0.0
35019,0.0
35020,0.0
35021,0.0
35022,0.0
35023,0.0
35024,1.7052592387630543e-08
35025,0.0
35026,3.245437125143495e-07
35027,0.0
35028,0.0
35029,0.0
35030,0.0
35031,0.0
35032,0.0
35033,0.0
35034,6.754804406385992e-08
35035,0.0
35036,0.0
35037,1.5409465923495438e-07
35038,0.0
35039,0.0
35040,7.392327822890732e-05
35041,9.10408005909922e-07
35042,1.7052592387630543e-08
35043,1.533205561950316e-06
35044,3.245437125143495e-07
35045,0.0
35046,0.0
35047,0.0
35048,0.0
35049,0.0
35050,0.0
35051,0.0
35052,9.10408005909922e-07
35053,1.7052592387630543e-08
35054,0.0
35055,0.0
35056,0.0
35057,0.0
35058,0.0
35059,6.471064965522008e-06
35060,0.0
35061,0.0
35062,0.0
35063,0.0
35064,6.754804406385992e-08
35065,0.0
35066,0.0
35067,0.0
35068,0.0
35069,0.0
35070,0.0
35071,0.0
35072,0.0
35073,6.754804406385992e-08
35074,0.0
35075,0.0
35076,0.0
35077,7.40929378322768e-05
35078,9.10408005909922e-07
35079,0.0
35080,0.0
35081,0.0
35082,0.0
35083,0.0
35084,0.0
35085,0.0
35086,3.245437125143495e-07
35087,0.0
35088,6.754804406385992e-08
35089,0.0
35090,0.0
35091,0.0
35092,0.0
35093,0.0
35094,6.471064965522008e-06
35095,0.0
35096,0.0
35097,0.0
35098,9.10408005909922e-07
35099,0.0
35100,0.0
35101,6.559601139582005e-06
35102,0.0
35103,1.7052592387630543e-08
35104,0.0
35105,0.0
35106,0.0
35107,0.0
35108,0.0
35109,0.0
35110,0.0
35111,0.0
35112,6.471064965522008e-06
35113,0.0
35114,0.0
35115,0.0
35116,1.4922399055759853e-06
35117,0.0
35118,0.0
35119,0.0
35120,1.7052592387630543e-08
35121,0.0
35122,1.5409465923495438e-07
35123,0.0
35124,1.344730680186835e-05
35125,7.392327822890732e-05
35126,0.0
35127,1.4922399055759853e-06
35128,0.0
35129,0.0
35130,1.5409465923495438e-07
35131,0.0
35132,0.0
35133,0.0
35134,0.0
35135,0.0
35136,0.0
35137,0.0
35138,0.0
35139,0.0
35140,0.0
35141,0.0
35142,0.0
35143,0.0
35144,0.0
35145,0.0
35146,0.0
35147,0.0
35148,0.0
35149,0.0
35150,0.0
35151,6.754804406385992e-08
35152,0.0
35153,1.5409465923495438e-07
35154,0.0
35155,1.329514424162328e-05
35156,0.0
35157,7.230856798424649e-07
35158,0.0
35159,0.0
35160,0.0
35161,0.0
35162,6.559601139582005e-06
35163,0.0
35164,0.0
35165,0.0
35166,0.0
35167,0.0
35168,1.344730680186835e-05
35169,7.378318211827526e-05
35170,7.230856798424649e-07
35171,6.754804406385992e-08
35172,0.0
35173,0.0
35174,0.0
35175,0.0
35176,0.0
35177,9.10408005909922e-07
35178,0.0
35179,0.0
35180,1.7052592387630543e-08
35181,0.0
35182,0.0
35183,0.0
35184,0.0
35185,0.0
35186,0.0
35187,1.0590959140864534e-05
35188,3.338235020703075e-08
35189,6.754804406385992e-08
35190,0.0
35191,1.344730680186835e-05
35192,0.0
35193,9.10408005909922e-07
35194,0.0
35195,0.0
35196,0.0
35197,0.0
35198,7.40929378322768e-05
35199,9.10408005909922e-07
35200,1.7052592387630543e-08
35201,1.533205561950316e-06
35202,0.0
35203,0.0
35204,3.245437125143495e-07
35205,0.0
35206,6.559601139582005e-06
35207,0.0
35208,1.7052592387630543e-08
35209,0.0
35210,0.0
35211,0.0
35212,0.0
35213,0.0
35214,6.559601139582005e-06
35215,0.0
35216,1.7052592387630543e-08
35217,0.0
35218,0.0
35219,0.0
35220,0.0
35221,0.0
35222,0.0
35223,0.0
35224,0.0
35225,0.0
35226,0.0
35227,7.58310307687412e-05
35228,0.0
35229,6.754804406385992e-08
35230,0.0
35231,0.0
35232,0.0
35233,0.0
35234,0.0
35235,0.0
35236,0.0
35237,0.0
35238,3.245437125143495e-07
35239,0.0
35240,0.0
35241,0.0
35242,0.0
35243,0.0
35244,0.0
35245,1.5409465923495438e-07
35246,0.0
35247,1.344730680186835e-05
35248,7.392327822890732e-05
35249,1.7052592387630543e-08
35250,0.0
35251,0.0
35252,0.0
35253,0.0
35254,1.7052592387630543e-08
35255,1.533205561950316e-06
35256,3.245437125143495e-07
35257,0.0
35258,0.0
35259,0.0
35260,0.0
35261,0.0
35262,7.392327822890732e-05
35263,9.10408005909922e-07
35264,0.0
35265,0.0
35266,6.471064965522008e-06
35267,0.0
35268,0.0
35269,0.0
35270,0.0
35271,0.0
35272,1.4922399055759853e-06
35273,1.7052592387630543e-08
35274,0.0
35275,0.0
35276,0.0
35277,0.0
35278,0.0
35279,0.0
35280,0.0
35281,9.10408005909922e-07
35282,0.0
35283,0.0
35284,0.0
35285,0.0
35286,0.0
35287,0.0
35288,0.0
35289,0.0
35290,9.10408005909922e-07
35291,0.0
35292,0.0
35293,6.559601139582005e-06
35294,0.0
35295,1.7052592387630543e-08
35296,0.0
35297,0.0
35298,0.0
35299,0.0
35300,0.0
35301,0.0
35302,0.0
35303,0.0
35304,0.0
35305,1.7052592387630543e-08
35306,0.0
35307,1.5409465923495438e-07
35308,0.0
35309,1.329514424162328e-05
35310,0.0
35311,7.230856798424649e-07
35312,0.0
35313,0.0
35314,2.0273707462859072e-07
35315,0.0
35316,1.7052592387630543e-08
35317,0.0
35318,0.0
35319,0.0
35320,0.0
35321,0.0
35322,0.0
35323,7.230856798424649e-07
35324,0.0
35325,0.0
35326,0.0
35327,0.0
35328,1.4922399055759853e-06
35329,0.0
35330,0.0
35331,0.0
35332,0.0
35333,0.0
35334,0.0
35335,6.471064965522008e-06
35336,0.0
35337,0.0
35338,1.7052592387630543e-08
35339,0.0
35340,0.0
35341,0.0
35342,0.0
35343,0.0
35344,1.0590959140864534e-05
35345,3.338235020703075e-08
35346,0.0
35347,9.10408005909922e-07
35348,6.754804406385992e-08
35349,0.0
35350,1.5409465923495438e-07
35351,0.0
35352,1.344730680186835e-05
35353,7.392327822890732e-05
35354,1.7052592387630543e-08
35355,0.0
35356,0.0
35357,0.0
35358,1.5409465923495438e-07
35359,0.0
35360,1.344730680186835e-05
35361,7.392327822890732e-05
35362,0.0
35363,0.0
35364,0.0
35365,0.0
35366,0.0
35367,0.0
35368,9.10408005909922e-07
35369,1.7052592387630543e-08
35370,0.0
35371,0.0
35372,0.0
35373,1.7052592387630543e-08
35374,0.0
35375,1.344730680186835e-05
35376,0.0
35377,9.10408005909922e-07
35378,0.0
35379,0.0
35380,0.0
35381,7.58310307687412e-05
35382,0.0
35383,6.754804406385992e-08
35384,0.0
35385,0.0
35386,0.0
35387,0.0
35388,9.10408005909922e-07
35389,0.0
35390,0.0
35391,6.471064965522008e-06
35392,0.0
35393,0.0
35394,7.378318211827526e-05
35395,0.0
35396,0.0
35397,0.0
35398,1.0590959140864534e-05
35399,3.338235020703075e-08
35400,6.754804406385992e-08
35401,0.0
35402,0.0
35403,0.0
35404,0.0
35405,1.7052592387630543e-08
35406,0.0
35407,0.0
35408,0.0
35409,0.0
35410,1.4922399055759853e-06
35411,3.245437125143495e-07
35412,0.0
35413,6.559601139582005e-06
35414,0.0
35415,0.0
35416,7.40929378322768e-05
35417,0.0
35418,0.0
35419,0.0
35420,0.0
35421,0.0
35422,0.0
35423,0.0
35424,7.230856798424649e-07
35425,0.0
35426,0.0
35427,0.0
35428,0.0
35429,0.0
35430,0.0
35431,0.0
35432,0.0
35433,1.5409465923495438e-07
35434,0.0
35435,1.344730680186835e-05
35436,7.392327822890732e-05
35437,0.0
35438,1.4922399055759853e-06
35439,0.0
35440,0.0
35441,0.0
35442,0.0
35443,9.10408005909922e-07
35444,0.0
35445,7.392327822890732e-05
35446,9.10408005909922e-07
35447,0.0
35448,0.0
35449,0.0
35450,0.0
35451,0.0
35452,0.0
35453,0.0
35454,0.0
35455,0.0
35456,1.344730680186835e-05
35457,7.392327822890732e-05
35458,0.0
35459,1.7052592387630543e-08
35460,0.0
35461,0.0
35462,0.0
35463,1.344730680186835e-05
35464,0.0
35465,1.344730680186835e-05
35466,0.0
35467,0.0
35468,0.0
35469,0.0004218326604252816
35470,1.7052592387630543e-08
35471,1.7052592387630543e-08
35472,0.0
35473,0.0
35474,0.0
35475,0.0
35476,0.0
35477,5.663087276835912e-06
35478,0.0
35479,0.0
35480,0.0
35481,6.797772832920865e-08
35482,0.0
35483,1.344730680186835e-05
35484,0.0
35485,1.4328625717377708e-07
35486,0.0
35487,3.5359327140543263e-05
35488,7.020685398760014e-06
35489,1.7052592387630543e-08
35490,1.4280043657197006e-07
35491,0.0
35492,0.0
35493,0.0
35494,0.0
35495,0.0
35496,1.344730680186835e-05
35497,1.329514424162328e-05
35498,3.338235020703075e-08
35499,0.0
35500,0.0
35501,0.0
35502,1.344730680186835e-05
35503,0.0
35504,4.128921586717296e-07
35505,2.539164578483633e-07
35506,0.0
35507,0.0
35508,1.7052592387630543e-08
35509,1.7052592387630543e-08
35510,7.928302608939141e-08
35511,0.0
35512,0.0
35513,1.858149640881217e-06
35514,2.2161369649230877e-06
35515,0.0
35516,0.0
35517,0.0
35518,0.0
35519,1.329514424162328e-05
35520,0.0
35521,1.344730680186835e-05
35522,0.0
35523,0.0
35524,0.0
35525,1.8359059745946107e-07
35526,1.106302006745862e-07
35527,0.012406210795642346
35528,0.0
35529,4.170270628468465e-06
35530,0.0
35531,0.0
35532,2.0295563772130462e-06
35533,2.2161369649230877e-06
35534,0.0
35535,0.0
35536,0.0
35537,0.0
35538,0.0
35539,0.0
35540,1.344730680186835e-05
35541,2.0113804632059794e-07
35542,1.144064410402518e-06
35543,0.0
35544,0.0
35545,0.0
35546,0.0
35547,6.256199622150748e-08
35548,6.256199622150748e-08
35549,0.012406210795642346
35550,0.0
35551,0.0
35552,0.0
35553,0.0
35554,0.0
35555,0.0
35556,0.0
35557,9.790174447415525e-08
35558,1.533205561950316e-06
35559,1.344730680186835e-05
35560,1.0759373588146491e-06
35561,0.0
35562,0.0
35563,0.0
35564,0.0
35565,0.0
35566,0.0
35567,0.0
35568,0.0
35569,0.0
35570,0.0
35571,0.0
35572,9.790174447415525e-08
35573,9.10408005909922e-07
35574,9.10408005909922e-07
35575,0.0
35576,0.0
35577,0.0
35578,1.344730680186835e-05
35579,0.0
35580,3.245437125143495e-07
35581,0.0
35582,6.854266296374226e-07
35583,0.0
35584,1.5209836052700974e-07
35585,1.881622801113068e-07
35586,0.0
35587,6.880814090867344e-07
35588,2.465088529924943e-06
35589,2.0005506215255416e-05
35590,0.0
35591,0.0
35592,0.0
35593,0.0
35594,0.0
35595,0.0
35596,0.0
35597,1.344730680186835e-05
35598,0.0
35599,0.0
35600,0.0
35601,9.217190281558403e-07
35602,1.5720571730737154e-07
35603,2.2847278025416142e-05
35604,0.0
35605,0.0
35606,0.0
35607,0.0
35608,0.0
35609,0.0
35610,7.40929378322768e-05
35611,7.392327822890732e-05
35612,0.0
35613,0.0
35614,0.0
35615,7.903397096497976e-07
35616,1.344730680186835e-05
35617,0.0
35618,5.4328999888501246e-05
35619,0.0
35620,1.270209543192768e-07
35621,0.0
35622,0.0
35623,6.754804406385992e-08
35624,2.6401636263998594e-06
35625,0.0
35626,0.0
35627,0.0
35628,0.0
35629,0.0
35630,0.0
35631,2.034027618022538e-05
35632,0.0
35633,0.0
35634,2.214933665466256e-06
35635,1.344730680186835e-05
35636,0.0
35637,0.0
35638,0.0
35639,0.0
35640,0.0
35641,0.0
35642,0.0
35643,2.837052920948382e-06
35644,0.0
35645,0.0
35646,0.0
35647,0.0
35648,0.0
35649,0.0
35650,2.18604812851483e-06
35651,0.0
35652,1.344730680186835e-05
35653,0.0
35654,0.0
35655,1.344730680186835e-05
35656,0.0
35657,0.0
35658,0.00018878567287847426
35659,0.0
35660,0.0
35661,0.0
35662,0.0
35663,0.0
35664,1.344730680186835e-05
35665,2.0113804632059794e-07
35666,1.144064410402518e-06
35667,0.0
35668,0.0
35669,0.0
35670,0.0
35671,6.256199622150748e-08
35672,6.256199622150748e-08
35673,0.012406210795642346
35674,0.0
35675,0.0
35676,0.0
35677,0.0
35678,0.0
35679,0.0
35680,0.0
35681,9.790174447415525e-08
35682,1.533205561950316e-06
35683,1.344730680186835e-05
35684,1.0759373588146491e-06
35685,0.0
35686,0.0
35687,0.0
35688,0.0
35689,0.0
35690,0.0
35691,0.0
35692,0.0
35693,0.0
35694,0.0
35695,0.0
35696,9.790174447415525e-08
35697,9.10408005909922e-07
35698,9.10408005909922e-07
35699,0.0
35700,0.0
35701,0.0
35702,1.344730680186835e-05
35703,1.5209836052700974e-07
35704,0.0
35705,5.446600625720683e-08
35706,0.0
35707,0.00010976221998563676
35708,0.0
35709,9.020501488185071e-06
35710,1.0046424088027886e-06
35711,0.0
35712,0.0
35713,0.0
35714,3.876094869057884e-06
35715,4.7965377746218515e-06
35716,0.0
35717,0.0
35718,0.0
35719,1.344730680186835e-05
35720,0.0
35721,3.444263674204149e-05
35722,8.527617429632925e-07
35723,0.0
35724,1.977480209194568e-05
35725,1.977480209194568e-05
35726,1.9756717479654866e-05
35727,8.611887680445146e-07
35728,2.7009342857739976e-05
35729,5.446600625720683e-08
35730,5.446600625720683e-08
35731,5.446600625720683e-08
35732,5.446600625720683e-08
35733,0.0
35734,0.0
35735,0.0
35736,0.0
35737,3.876094869057884e-06
35738,0.0
35739,0.0
35740,9.10408005909922e-07
35741,0.0
35742,0.0
35743,0.0
35744,9.10408005909922e-07
35745,0.0
35746,0.0
35747,0.0
35748,0.0
35749,0.0
35750,0.0
35751,0.0
35752,0.0
35753,0.0
35754,0.0
35755,0.0
35756,0.0
35757,0.0
35758,0.0
35759,0.0
35760,0.0
35761,6.754804406385992e-08
35762,0.0
35763,0.0
35764,1.344730680186835e-05
35765,0.0
35766,0.0
35767,0.0
35768,0.0
35769,0.0
35770,0.0
35771,0.0
35772,0.0
35773,0.0
35774,0.0
35775,0.0
35776,0.0
35777,0.0
35778,0.0
35779,1.7052592387630543e-08
35780,6.754804406385992e-08
35781,0.0
35782,0.0
35783,0.0
35784,0.0
35785,0.0
35786,3.245437125143495e-07
35787,0.0
35788,0.0
35789,0.0
35790,0.0
35791,6.754804406385992e-08
35792,0.0
35793,0.0
35794,0.0
35795,0.0
35796,0.0
35797,0.0
35798,0.0
35799,0.0
35800,1.7052592387630543e-08
35801,0.0
35802,0.0
35803,0.0
35804,1.329514424162328e-05
35805,0.0
35806,0.0
35807,0.0
35808,0.0
35809,0.0
35810,0.0
35811,1.7052592387630543e-08
35812,0.0
35813,0.0
35814,6.754804406385992e-08
35815,0.0
35816,0.0
35817,0.0
35818,0.0
35819,0.0
35820,0.0
35821,0.0
35822,0.0
35823,0.0
35824,7.40929378322768e-05
35825,0.0
35826,6.754804406385992e-08
35827,0.0
35828,0.0
35829,0.0
35830,3.245437125143495e-07
35831,0.0
35832,0.0
35833,0.0
35834,1.7052592387630543e-08
35835,0.0
35836,0.0
35837,0.0
35838,0.0
35839,0.0
35840,6.754804406385992e-08
35841,0.0
35842,0.0
35843,0.0
35844,0.0
35845,0.0
35846,0.0
35847,0.0
35848,0.0
35849,0.0
35850,0.0
35851,0.0
35852,0.0
35853,0.0
35854,0.0
35855,0.0
35856,0.0
35857,1.7052592387630543e-08
35858,0.0
35859,0.0
35860,0.0
35861,0.0
35862,0.0
35863,1.7052592387630543e-08
35864,0.0
35865,0.0
35866,6.754804406385992e-08
35867,0.0
35868,0.0
35869,0.0
35870,1.7052592387630543e-08
35871,0.0
35872,0.0
35873,9.10408005909922e-07
35874,0.0
35875,0.0
35876,0.0
35877,9.10408005909922e-07
35878,0.0
35879,0.0
35880,0.0
35881,0.0
35882,0.0
35883,0.0
35884,0.0
35885,0.0
35886,0.0
35887,0.0
35888,0.0
35889,0.0
35890,0.0
35891,0.0
35892,0.0
35893,0.0
35894,6.754804406385992e-08
35895,0.0
35896,0.0
35897,1.344730680186835e-05
35898,0.0
35899,0.0
35900,0.0
35901,0.0
35902,0.0
35903,0.0
35904,0.0
35905,0.0
35906,0.0
35907,0.0
35908,0.0
35909,0.0
35910,0.0
35911,0.0
35912,1.7052592387630543e-08
35913,6.754804406385992e-08
35914,0.0
35915,0.0
35916,0.0
35917,0.0
35918,0.0
35919,3.245437125143495e-07
35920,0.0
35921,0.0
35922,0.0
35923,0.0
35924,6.754804406385992e-08
35925,0.0
35926,0.0
35927,0.0
35928,0.0
35929,0.0
35930,0.0
35931,0.0
35932,0.0
35933,1.7052592387630543e-08
35934,0.0
35935,0.0
35936,0.0
35937,1.329514424162328e-05
35938,0.0
35939,0.0
35940,0.0
35941,0.0
35942,0.0
35943,0.0
35944,1.7052592387630543e-08
35945,0.0
35946,0.0
35947,6.754804406385992e-08
35948,0.0
35949,0.0
35950,0.0
35951,0.0
35952,0.0
35953,0.0
35954,0.0
35955,0.0
35956,0.0
35957,7.40929378322768e-05
35958,0.0
35959,6.754804406385992e-08
35960,0.0
35961,0.0
35962,0.0
35963,3.245437125143495e-07
35964,0.0
35965,0.0
35966,0.0
35967,1.7052592387630543e-08
35968,0.0
35969,0.0
35970,0.0
35971,0.0
35972,0.0
35973,6.754804406385992e-08
35974,0.0
35975,0.0
35976,0.0
35977,0.0
35978,0.0
35979,0.0
35980,0.0
35981,0.0
35982,0.0
35983,0.0
35984,0.0
35985,0.0
35986,0.0
35987,0.0
35988,0.0
35989,0.0
35990,1.7052592387630543e-08
35991,0.0
35992,0.0
35993,0.0
35994,0.0
35995,0.0
35996,1.7052592387630543e-08
35997,0.0
35998,0.0
35999,6.754804406385992e-08
36000,0.0
36001,0.0
36002,0.0
36003,1.7052592387630543e-08
36004,1.344730680186835e-05
36005,0.0
36006,0.0
36007,0.0
36008,0.0004218326604252816
36009,1.7052592387630543e-08
36010,1.7052592387630543e-08
36011,0.0
36012,0.0
36013,0.0
36014,0.0
36015,0.0
36016,5.663087276835912e-06
36017,0.0
36018,0.0
36019,0.0
36020,6.797772832920865e-08
36021,0.0
36022,1.344730680186835e-05
36023,0.0
36024,1.4328625717377708e-07
36025,0.0
36026,3.5359327140543263e-05
36027,7.020685398760014e-06
36028,1.7052592387630543e-08
36029,1.4280043657197006e-07
36030,0.0
36031,0.0
36032,0.0
36033,0.0
36034,0.0
36035,1.344730680186835e-05
36036,1.329514424162328e-05
36037,3.338235020703075e-08
36038,0.0
36039,0.0
36040,0.0
36041,1.344730680186835e-05
36042,0.0
36043,4.128921586717296e-07
36044,2.539164578483633e-07
36045,0.0
36046,0.0
36047,1.7052592387630543e-08
36048,1.7052592387630543e-08
36049,7.928302608939141e-08
36050,0.0
36051,0.0
36052,1.858149640881217e-06
36053,2.2161369649230877e-06
36054,0.0
36055,0.0
36056,0.0
36057,0.0
36058,1.329514424162328e-05
36059,0.0
36060,1.344730680186835e-05
36061,0.0
36062,0.0
36063,0.0
36064,1.8359059745946107e-07
36065,1.106302006745862e-07
36066,0.012406210795642346
36067,0.0
36068,4.170270628468465e-06
36069,0.0
36070,0.0
36071,2.0295563772130462e-06
36072,2.2161369649230877e-06
36073,0.0
36074,0.0
36075,0.0
36076,0.0
36077,0.0
36078,0.0
36079,1.344730680186835e-05
36080,2.0113804632059794e-07
36081,1.144064410402518e-06
36082,0.0
36083,0.0
36084,0.0
36085,0.0
36086,6.256199622150748e-08
36087,6.256199622150748e-08
36088,0.012406210795642346
36089,0.0
36090,0.0
36091,0.0
36092,0.0
36093,0.0
36094,0.0
36095,0.0
36096,9.790174447415525e-08
36097,1.533205561950316e-06
36098,1.344730680186835e-05
36099,1.0759373588146491e-06
36100,0.0
36101,0.0
36102,0.0
36103,0.0
36104,0.0
36105,0.0
36106,0.0
36107,0.0
36108,0.0
36109,0.0
36110,0.0
36111,9.790174447415525e-08
36112,9.10408005909922e-07
36113,9.10408005909922e-07
36114,0.0
36115,0.0
36116,0.0
36117,1.344730680186835e-05
36118,0.0
36119,3.245437125143495e-07
36120,0.0
36121,6.854266296374226e-07
36122,0.0
36123,1.5209836052700974e-07
36124,1.881622801113068e-07
36125,0.0
36126,6.880814090867344e-07
36127,2.465088529924943e-06
36128,2.0005506215255416e-05
36129,0.0
36130,0.0
36131,0.0
36132,0.0
36133,0.0
36134,0.0
36135,0.0
36136,1.344730680186835e-05
36137,0.0
36138,0.0
36139,0.0
36140,9.217190281558403e-07
36141,1.5720571730737154e-07
36142,2.2847278025416142e-05
36143,0.0
36144,0.0
36145,0.0
36146,0.0
36147,0.0
36148,0.0
36149,7.40929378322768e-05
36150,7.392327822890732e-05
36151,0.0
36152,0.0
36153,0.0
36154,7.903397096497976e-07
36155,1.344730680186835e-05
36156,0.0
36157,5.4328999888501246e-05
36158,0.0
36159,1.270209543192768e-07
36160,0.0
36161,0.0
36162,6.754804406385992e-08
36163,2.6401636263998594e-06
36164,0.0
36165,0.0
36166,0.0
36167,0.0
36168,0.0
36169,0.0
36170,2.034027618022538e-05
36171,0.0
36172,0.0
36173,2.214933665466256e-06
36174,1.344730680186835e-05
36175,0.0
36176,0.0
36177,0.0
36178,0.0
36179,0.0
36180,0.0
36181,0.0
36182,2.837052920948382e-06
36183,0.0
36184,0.0
36185,0.0
36186,0.0
36187,0.0
36188,0.0
36189,2.18604812851483e-06
36190,0.0
36191,1.344730680186835e-05
36192,0.0
36193,0.0
36194,1.344730680186835e-05
36195,0.0
36196,0.0
36197,0.00018878567287847426
36198,0.0
36199,0.0
36200,0.0
36201,0.0
36202,0.0
36203,1.344730680186835e-05
36204,2.0113804632059794e-07
36205,1.144064410402518e-06
36206,0.0
36207,0.0
36208,0.0
36209,0.0
36210,6.256199622150748e-08
36211,6.256199622150748e-08
36212,0.012406210795642346
36213,0.0
36214,0.0
36215,0.0
36216,0.0
36217,0.0
36218,0.0
36219,0.0
36220,9.790174447415525e-08
36221,1.533205561950316e-06
36222,1.344730680186835e-05
36223,1.0759373588146491e-06
36224,0.0
36225,0.0
36226,0.0
36227,0.0
36228,0.0
36229,0.0
36230,0.0
36231,0.0
36232,0.0
36233,0.0
36234,0.0
36235,9.790174447415525e-08
36236,9.10408005909922e-07
36237,9.10408005909922e-07
36238,0.0
36239,0.0
36240,0.0
36241,1.344730680186835e-05
36242,1.5209836052700974e-07
36243,0.0
36244,5.446600625720683e-08
36245,0.0
36246,0.00010976221998563676
36247,0.0
36248,9.020501488185071e-06
36249,1.0046424088027886e-06
36250,0.0
36251,0.0
36252,0.0
36253,3.876094869057884e-06
36254,4.7965377746218515e-06
36255,0.0
36256,0.0
36257,0.0
36258,1.344730680186835e-05
36259,0.0
36260,3.444263674204149e-05
36261,8.527617429632925e-07
36262,0.0
36263,1.977480209194568e-05
36264,1.977480209194568e-05
36265,1.9756717479654866e-05
36266,8.611887680445146e-07
36267,2.7009342857739976e-05
36268,5.446600625720683e-08
36269,5.446600625720683e-08
36270,5.446600625720683e-08
36271,5.446600625720683e-08
36272,0.0
36273,0.0
36274,0.0
36275,0.0
36276,3.876094869057884e-06
36277,0.0
36278,0.0
36279,9.10408005909922e-07
36280,0.0
36281,0.0
36282,0.0
36283,9.10408005909922e-07
36284,0.0
36285,0.0
36286,0.0
36287,0.0
36288,0.0
36289,0.0
36290,0.0
36291,0.0
36292,0.0
36293,0.0
36294,0.0
36295,0.0
36296,0.0
36297,0.0
36298,0.0
36299,0.0
36300,6.754804406385992e-08
36301,0.0
36302,0.0
36303,1.344730680186835e-05
36304,0.0
36305,0.0
36306,0.0
36307,0.0
36308,0.0
36309,0.0
36310,0.0
36311,0.0
36312,0.0
36313,0.0
36314,0.0
36315,0.0
36316,0.0
36317,0.0
36318,1.7052592387630543e-08
36319,6.754804406385992e-08
36320,0.0
36321,0.0
36322,0.0
36323,0.0
36324,0.0
36325,3.245437125143495e-07
36326,0.0
36327,0.0
36328,0.0
36329,0.0
36330,6.754804406385992e-08
36331,0.0
36332,0.0
36333,0.0
36334,0.0
36335,0.0
36336,0.0
36337,0.0
36338,0.0
36339,1.7052592387630543e-08
36340,0.0
36341,0.0
36342,0.0
36343,1.329514424162328e-05
36344,0.0
36345,0.0
36346,0.0
36347,0.0
36348,0.0
36349,0.0
36350,1.7052592387630543e-08
36351,0.0
36352,0.0
36353,6.754804406385992e-08
36354,0.0
36355,0.0
36356,0.0
36357,0.0
36358,0.0
36359,0.0
36360,0.0
36361,0.0
36362,0.0
36363,7.40929378322768e-05
36364,0.0
36365,6.754804406385992e-08
36366,0.0
36367,0.0
36368,0.0
36369,3.245437125143495e-07
36370,0.0
36371,0.0
36372,0.0
36373,1.7052592387630543e-08
36374,0.0
36375,0.0
36376,0.0
36377,0.0
36378,0.0
36379,6.754804406385992e-08
36380,0.0
36381,0.0
36382,0.0
36383,0.0
36384,0.0
36385,0.0
36386,0.0
36387,0.0
36388,0.0
36389,0.0
36390,0.0
36391,0.0
36392,0.0
36393,0.0
36394,0.0
36395,0.0
36396,1.7052592387630543e-08
36397,0.0
36398,0.0
36399,0.0
36400,0.0
36401,0.0
36402,1.7052592387630543e-08
36403,0.0
36404,0.0
36405,6.754804406385992e-08
36406,0.0
36407,0.0
36408,0.0
36409,1.7052592387630543e-08
36410,1.344730680186835e-05
36411,0.0
36412,0.0
36413,0.0
36414,0.0004218326604252816
36415,1.7052592387630543e-08
36416,1.7052592387630543e-08
36417,0.0
36418,0.0
36419,0.0
36420,0.0
36421,0.0
36422,5.663087276835912e-06
36423,0.0
36424,0.0
36425,0.0
36426,6.797772832920865e-08
36427,0.0
36428,1.344730680186835e-05
36429,0.0
36430,1.4328625717377708e-07
36431,0.0
36432,3.5359327140543263e-05
36433,7.020685398760014e-06
36434,1.7052592387630543e-08
36435,1.4280043657197006e-07
36436,0.0
36437,0.0
36438,0.0
36439,0.0
36440,0.0
36441,1.344730680186835e-05
36442,1.329514424162328e-05
36443,3.338235020703075e-08
36444,0.0
36445,0.0
36446,0.0
36447,1.344730680186835e-05
36448,0.0
36449,4.128921586717296e-07
36450,2.539164578483633e-07
36451,0.0
36452,0.0
36453,1.7052592387630543e-08
36454,1.7052592387630543e-08
36455,7.928302608939141e-08
36456,0.0
36457,0.0
36458,1.858149640881217e-06
36459,2.2161369649230877e-06
36460,0.0
36461,0.0
36462,0.0
36463,0.0
36464,1.329514424162328e-05
36465,0.0
36466,1.344730680186835e-05
36467,0.0
36468,0.0
36469,0.0
36470,1.8359059745946107e-07
36471,1.106302006745862e-07
36472,0.012406210795642346
36473,0.0
36474,4.170270628468465e-06
36475,0.0
36476,0.0
36477,2.0295563772130462e-06
36478,2.2161369649230877e-06
36479,0.0
36480,0.0
36481,0.0
36482,0.0
36483,0.0
36484,0.0
36485,1.344730680186835e-05
36486,2.0113804632059794e-07
36487,1.144064410402518e-06
36488,0.0
36489,0.0
36490,0.0
36491,0.0
36492,6.256199622150748e-08
36493,6.256199622150748e-08
36494,0.012406210795642346
36495,0.0
36496,0.0
36497,0.0
36498,0.0
36499,0.0
36500,0.0
36501,0.0
36502,9.790174447415525e-08
36503,1.533205561950316e-06
36504,1.344730680186835e-05
36505,1.0759373588146491e-06
36506,0.0
36507,0.0
36508,0.0
36509,0.0
36510,0.0
36511,0.0
36512,0.0
36513,0.0
36514,0.0
36515,0.0
36516,0.0
36517,9.790174447415525e-08
36518,9.10408005909922e-07
36519,9.10408005909922e-07
36520,0.0
36521,0.0
36522,0.0
36523,1.344730680186835e-05
36524,0.0
36525,3.245437125143495e-07
36526,0.0
36527,6.854266296374226e-07
36528,0.0
36529,1.5209836052700974e-07
36530,1.881622801113068e-07
36531,0.0
36532,6.880814090867344e-07
36533,2.465088529924943e-06
36534,2.0005506215255416e-05
36535,0.0
36536,0.0
36537,0.0
36538,0.0
36539,0.0
36540,0.0
36541,0.0
36542,1.344730680186835e-05
36543,0.0
36544,0.0
36545,0.0
36546,9.217190281558403e-07
36547,1.5720571730737154e-07
36548,2.2847278025416142e-05
36549,0.0
36550,0.0
36551,0.0
36552,0.0
36553,0.0
36554,0.0
36555,7.40929378322768e-05
36556,7.392327822890732e-05
36557,0.0
36558,0.0
36559,0.0
36560,7.903397096497976e-07
36561,1.344730680186835e-05
36562,0.0
36563,5.4328999888501246e-05
36564,0.0
36565,1.270209543192768e-07
36566,0.0
36567,0.0
36568,6.754804406385992e-08
36569,2.6401636263998594e-06
36570,0.0
36571,0.0
36572,0.0
36573,0.0
36574,0.0
36575,0.0
36576,2.034027618022538e-05
36577,0.0
36578,0.0
36579,2.214933665466256e-06
36580,1.344730680186835e-05
36581,0.0
36582,0.0
36583,0.0
36584,0.0
36585,0.0
36586,0.0
36587,0.0
36588,2.837052920948382e-06
36589,0.0
36590,0.0
36591,0.0
36592,0.0
36593,0.0
36594,0.0
36595,2.18604812851483e-06
36596,0.0
36597,1.344730680186835e-05
36598,0.0
36599,0.0
36600,1.344730680186835e-05
36601,0.0
36602,0.0
36603,0.00018878567287847426
36604,0.0
36605,0.0
36606,0.0
36607,0.0
36608,0.0
36609,1.344730680186835e-05
36610,2.0113804632059794e-07
36611,1.144064410402518e-06
36612,0.0
36613,0.0
36614,0.0
36615,0.0
36616,6.256199622150748e-08
36617,6.256199622150748e-08
36618,0.012406210795642346
36619,0.0
36620,0.0
36621,0.0
36622,0.0
36623,0.0
36624,0.0
36625,0.0
36626,0.0
36627,9.790174447415525e-08
36628,1.533205561950316e-06
36629,1.344730680186835e-05
36630,1.0759373588146491e-06
36631,0.0
36632,0.0
36633,0.0
36634,0.0
36635,0.0
36636,0.0
36637,0.0
36638,0.0
36639,0.0
36640,0.0
36641,0.0
36642,9.790174447415525e-08
36643,9.10408005909922e-07
36644,9.10408005909922e-07
36645,0.0
36646,0.0
36647,0.0
36648,1.344730680186835e-05
36649,1.5209836052700974e-07
36650,0.0
36651,5.446600625720683e-08
36652,0.0
36653,0.00010976221998563676
36654,0.0
36655,9.020501488185071e-06
36656,1.0046424088027886e-06
36657,0.0
36658,0.0
36659,0.0
36660,3.876094869057884e-06
36661,4.7965377746218515e-06
36662,0.0
36663,0.0
36664,0.0
36665,1.344730680186835e-05
36666,0.0
36667,3.444263674204149e-05
36668,8.527617429632925e-07
36669,0.0
36670,1.977480209194568e-05
36671,1.977480209194568e-05
36672,1.9756717479654866e-05
36673,8.611887680445146e-07
36674,2.7009342857739976e-05
36675,5.446600625720683e-08
36676,5.446600625720683e-08
36677,5.446600625720683e-08
36678,5.446600625720683e-08
36679,0.0
36680,0.0
36681,0.0
36682,0.0
36683,3.876094869057884e-06
36684,0.0
36685,0.0
36686,0.0
36687,0.0
36688,0.0
36689,0.0
36690,0.0
36691,0.0
36692,0.0
36693,0.0
36694,0.0
36695,0.0
36696,0.0
36697,1.7052592387630543e-08
36698,0.0
36699,0.0
36700,0.0
36701,9.10408005909922e-07
36702,0.0
36703,0.0
36704,0.0
36705,9.10408005909922e-07
36706,0.0
36707,0.0
36708,0.0
36709,0.0
36710,0.0
36711,0.0
36712,0.0
36713,0.0
36714,0.0
36715,0.0
36716,0.0
36717,0.0
36718,0.0
36719,0.0
36720,0.0
36721,0.0
36722,6.754804406385992e-08
36723,0.0
36724,0.0
36725,1.344730680186835e-05
36726,0.0
36727,0.0
36728,0.0
36729,0.0
36730,0.0
36731,0.0
36732,0.0
36733,0.0
36734,0.0
36735,0.0
36736,0.0
36737,0.0
36738,0.0
36739,0.0
36740,1.7052592387630543e-08
36741,6.754804406385992e-08
36742,0.0
36743,0.0
36744,0.0
36745,0.0
36746,0.0
36747,3.245437125143495e-07
36748,0.0
36749,0.0
36750,0.0
36751,0.0
36752,6.754804406385992e-08
36753,0.0
36754,0.0
36755,0.0
36756,0.0
36757,0.0
36758,0.0
36759,0.0
36760,0.0
36761,1.7052592387630543e-08
36762,0.0
36763,0.0
36764,0.0
36765,1.329514424162328e-05
36766,0.0
36767,0.0
36768,0.0
36769,0.0
36770,0.0
36771,0.0
36772,1.7052592387630543e-08
36773,0.0
36774,0.0
36775,6.754804406385992e-08
36776,0.0
36777,0.0
36778,0.0
36779,0.0
36780,0.0
36781,0.0
36782,0.0
36783,0.0
36784,0.0
36785,7.40929378322768e-05
36786,0.0
36787,6.754804406385992e-08
36788,0.0
36789,0.0
36790,0.0
36791,3.245437125143495e-07
36792,0.0
36793,0.0
36794,0.0
36795,1.7052592387630543e-08
36796,0.0
36797,0.0
36798,0.0
36799,0.0
36800,0.0
36801,6.754804406385992e-08
36802,0.0
36803,0.0
36804,0.0
36805,0.0
36806,0.0
36807,0.0
36808,0.0
36809,0.0
36810,0.0
36811,0.0
36812,0.0
36813,0.0
36814,0.0
36815,0.0
36816,0.0
36817,0.0
36818,1.7052592387630543e-08
36819,0.0
36820,0.0
36821,0.0
36822,0.0
36823,0.0
36824,1.7052592387630543e-08
36825,0.0
36826,0.0
36827,6.754804406385992e-08
36828,0.0
36829,0.0
36830,0.0
36831,1.7052592387630543e-08
36832,0.0
36833,0.0
36834,9.10408005909922e-07
36835,1.344730680186835e-05
36836,9.10408005909922e-07
36837,1.7052592387630543e-08
36838,1.344730680186835e-05
36839,1.7052592387630543e-08
36840,0.0
36841,0.0
36842,9.10408005909922e-07
36843,0.0
36844,0.0
36845,1.7052592387630543e-08
36846,0.0
36847,0.0
36848,0.0
36849,0.0
36850,0.0
36851,0.0
36852,0.0
36853,0.0
36854,0.0
36855,0.0
36856,0.0
36857,0.0
36858,0.0
36859,0.0
36860,0.0
36861,0.0
36862,0.0
36863,0.0
36864,1.7052592387630543e-08
36865,0.0
36866,9.10408005909922e-07
36867,0.0
36868,0.0
36869,0.0
36870,0.0
36871,0.0
36872,0.0
36873,0.0
36874,0.0
36875,0.0
36876,0.0
36877,0.0
36878,9.10408005909922e-07
36879,1.344730680186835e-05
36880,9.10408005909922e-07
36881,1.7052592387630543e-08
36882,1.344730680186835e-05
36883,1.7052592387630543e-08
36884,0.0
36885,0.0
36886,9.10408005909922e-07
36887,0.0
36888,0.0
36889,1.7052592387630543e-08
22912,1.0
22913,1.0
22914,1.0
22915,1.0
22916,1.0
22917,1.0
22918,1.0
22919,1.0
22920,1.0
22921,1.0
22922,1.0
22923,1.0
22924,1.0
22925,1.0
22926,1.0
22927,1.0
22928,1.0
22929,1.0
22930,1.0
22931,1.0
22932,1.0
22933,1.0
22934,1.0
22935,1.0
22936,1.0
22937,1.0
22938,1.0
22939,1.0
22940,1.0
22941,1.0
22942,1.0
22943,1.0
22944,1.0
22945,1.0
22946,1.0
22947,1.0
22948,1.0
22949,1.0
22950,1.0
22951,1.0
22952,1.0
22953,1.0
22954,1.0
22955,1.0
22956,1.0
22957,1.0
22958,1.0
22959,1.0
22960,1.0
22961,1.0
22962,1.0
22963,1.0
22964,1.0
22965,1.0
22966,1.0
22967,1.0
22968,1.0
22969,1.0
22970,1.0
22971,1.0
22972,1.0
22973,1.0
22974,1.0
22975,1.0
22976,1.0
22977,1.0
22978,1.0
22979,1.0
22980,1.0
22981,1.0
22982,1.0
22983,1.0
22984,1.0
22985,1.0
22986,1.0
22987,1.0
22988,1.0
22989,1.0
22990,1.0
22991,1.0
22992,1.0
22993,1.0
22994,1.0
22995,1.0
22996,1.0
22997,1.0
22998,1.0
22999,1.0
23000,1.0
23001,1.0
23002,1.0
23003,1.0
23004,1.0
23005,1.0
23006,1.0
23007,1.0
23008,1.0
23009,1.0
23010,1.0
23011,1.0
23012,1.0
23013,1.0
23014,1.0
23015,1.0
23016,1.0
23017,1.0
23018,1.0
23019,1.0
23020,1.0
23021,1.0
23022,1.0
23023,1.0
23024,1.0
23025,1.0
23026,1.0
23027,1.0
23028,1.0
23029,1.0
23030,1.0
23031,1.0
23032,1.0
23033,1.0
23034,1.0
23035,1.0
23036,1.0
23037,1.0
23038,1.0
23039,1.0
13185,5.115466019467541e-08
13186,4.6845345004034926e-05
13187,4.681991151391405e-05
13188,3.778177719070796e-05
13189,3.7562189705937466e-05
13190,1.3175429092880224e-09
13191,1.3175429092880224e-09
13192,1.3175429092880224e-09
13193,1.3175429092880224e-09
13194,5.115466019467541e-08
13195,5.115466019467541e-08
13196,1.2213638304970709e-07
13197,1.2213638304970709e-07
13198,1.5439601130644764e-07
13199,1.5439601130644764e-07
13200,1.093707700603104e-07
13201,1.093707700603104e-07
13202,7.712228552981881e-08
13203,7.712228552981881e-08
13204,3.309298080788545e-08
13205,3.309298080788545e-08
13206,1.9942568603500903e-08
13207,1.9942568603500903e-08
13208,1.2630679070491929e-08
13209,1.2630679070491929e-08
13210,3.828852568808722e-09
13211,3.828852568808722e-09
13212,1.7851892437188812e-09
13213,1.7851892437188812e-09
13214,0.0
13215,0.0
13216,1.4442502757671876e-09
13217,1.4442502757671876e-09
13218,8.502752451724133e-10
13219,8.502752451724133e-10
13220,8.502752451724133e-10
13221,8.502752451724133e-10
13222,8.502752451724133e-10
13223,8.502752451724133e-10
13224,2.632540523242215e-11
13225,2.632540523242215e-11
13226,2.632540523242215e-11
13227,2.632540523242215e-11
13228,2.632540523242215e-11
13229,2.632540523242215e-11
13230,0.0
13231,0.0
13232,0.0
13233,0.0
13234,0.0
13235,0.0
13236,0.0
13237,0.0
13238,0.0
13239,0.0
13240,2.0758558834963086e-09
13241,1.0230694880947754e-09
13242,8.408219290129638e-11
13243,8.408219290129638e-11
13244,0.0
13245,1.7248583924715673e-10
13246,4.0736007342060517e-10
13247,4.0736007342060517e-10
13248,4.0736007342060517e-10
13249,4.0736007342060517e-10
13250,2.1240036262343508e-09
13251,2.7548920889066515e-09
13252,3.41267474996799e-09
13253,3.41267474996799e-09
13254,4.023042214512718e-09
13255,4.884762752427574e-07
13256,8.052867673594297e-09
13257,8.052867673594297e-09
13258,8.052867673594297e-09
13259,7.918709042472065e-09
13260,0.0
13261,0.0
13262,9.439052601214444e-08
13263,5.115466019467541e-08
13264,4.6845331732097856e-05
13265,4.6845331732097856e-05
13266,4.680765554501164e-05
13267,4.680765554501164e-05
13268,3.77728401231363e-05
13269,3.77728401231363e-05
13270,3.7562189705937466e-05
13271,3.7562189705937466e-05
13272,5.328339926025328e-07
13273,5.328339926025328e-07
13274,3.601447842952743e-08
13275,3.601447842952743e-08
13276,5.07858640572103e-08
13277,5.07858640572103e-08
13278,1.2205739884516593e-07
13279,1.2205739884516593e-07
13280,9.439052601214444e-08
13281,9.439052601214444e-08
13282,7.712228552981881e-08
13283,7.712228552981881e-08
13284,3.302549186024191e-08
13285,3.302549186024191e-08
13286,1.940121405117479e-08
13287,1.940121405117479e-08
13288,1.2630679070491929e-08
13289,1.2630679070491929e-08
13290,3.770856518995295e-08
13291,3.770856518995295e-08
13292,3.770856518995295e-08
13293,3.738978295171595e-08
13294,3.738978295171595e-08
13295,3.770856518995295e-08
13296,3.770856518995295e-08
13297,3.828852568808722e-09
13298,1.7851892437188812e-09
13299,0.0
13300,0.0
13301,5.939750305947743e-10
13302,8.502752451724133e-10
13303,8.502752451724133e-10
13304,8.502752451724133e-10
13305,8.502752451724133e-10
13306,2.632540523242215e-11
13307,2.632540523242215e-11
13308,2.632540523242215e-11
13309,0.0
13310,0.0
13311,0.0
13312,0.0
13313,0.0
13314,0.0
13315,2.0758558834963086e-09
13316,1.0230694880947754e-09
13317,8.408219290129638e-11
13318,8.408219290129638e-11
13319,0.0
13320,0.0
13321,1.7248583924715673e-10
13322,4.0736007342060517e-10
13323,4.0736007342060517e-10
13324,4.0736007342060517e-10
13325,4.0736007342060517e-10
13326,2.1240036262343508e-09
13327,2.7548920889066515e-09
13328,3.41267474996799e-09
13329,3.41267474996799e-09
13330,3.871192186126282e-09
13331,4.884762752427574e-07
13332,8.052867673594297e-09
13333,8.052867673594297e-09
13334,8.052867673594297e-09
13335,7.918709042472065e-09
13336,0.0
13337,0.0
13338,9.439052601214444e-08
13339,4.6845331732097856e-05
13340,4.680765554501164e-05
13341,3.77728401231363e-05
13342,3.7562189705937466e-05
13343,5.328339926025328e-07
13344,3.601447842952743e-08
13345,5.07858640572103e-08
13346,1.2205739884516593e-07
13347,9.439052601214444e-08
13348,7.712228552981881e-08
13349,3.302549186024191e-08
13350,1.940121405117479e-08
13351,1.2630679070491929e-08
13352,3.738978295171595e-08
13353,3.770856518995295e-08
13354,3.828852568808722e-09
13355,3.828852568808722e-09
13356,1.7851892437188812e-09
13357,1.7851892437188812e-09
13358,0.0
13359,0.0
13360,0.0
13361,0.0
13362,5.939750305947743e-10
13363,5.939750305947743e-10
13364,8.502752451724133e-10
13365,8.502752451724133e-10
13366,8.502752451724133e-10
13367,8.502752451724133e-10
13368,8.502752451724133e-10
13369,8.502752451724133e-10
13370,8.502752451724133e-10
13371,8.502752451724133e-10
13372,2.632540523242215e-11
13373,2.632540523242215e-11
13374,2.632540523242215e-11
13375,2.632540523242215e-11
13376,2.632540523242215e-11
13377,2.632540523242215e-11
13378,0.0
13379,0.0
13380,0.0
13381,0.0
13382,0.0
13383,0.0
13384,0.0
13385,0.0
13386,0.0
13387,0.0
13388,0.0
13389,0.0
13390,2.0758558834963086e-09
13391,2.0758558834963086e-09
13392,1.0230694880947754e-09
13393,1.0230694880947754e-09
13394,8.408219290129638e-11
13395,8.408219290129638e-11
13396,8.408219290129638e-11
13397,0.0
13398,0.0
13399,1.7248583924715673e-10
13400,4.0736007342060517e-10
13401,4.0736007342060517e-10
13402,4.0736007342060517e-10
13403,4.0736007342060517e-10
13404,2.1240036262343508e-09
13405,2.7548920889066515e-09
13406,3.41267474996799e-09
13407,3.41267474996799e-09
13408,3.871192186126282e-09
13409,4.884762752427574e-07
13410,8.052867673594297e-09
13411,8.052867673594297e-09
13412,8.052867673594297e-09
13413,7.918709042472065e-09
13414,0.0
13415,0.0
13416,9.439052601214444e-08
13417,4.6845331732097856e-05
13418,4.680765554501164e-05
13419,3.77728401231363e-05
13420,3.7562189705937466e-05
13421,5.328339926025328e-07
13422,3.601447842952743e-08
13423,5.07858640572103e-08
13424,1.2205739884516593e-07
13425,9.439052601214444e-08
13426,7.712228552981881e-08
13427,3.302549186024191e-08
13428,1.940121405117479e-08
13429,1.2630679070491929e-08
13430,3.738978295171595e-08
13431,3.770856518995295e-08
13432,3.828852568808722e-09
13433,1.7851892437188812e-09
13434,0.0
13435,0.0
13436,5.939750305947743e-10
13437,8.502752451724133e-10
13438,8.502752451724133e-10
13439,8.502752451724133e-10
13440,8.502752451724133e-10
13441,2.632540523242215e-11
13442,2.632540523242215e-11
13443,2.632540523242215e-11
13444,0.0
13445,0.0
13446,0.0
13447,0.0
13448,0.0
13449,0.0
13450,2.0758558834963086e-09
13451,1.0230694880947754e-09
13452,8.408219290129638e-11
13453,8.408219290129638e-11
13454,8.408219290129638e-11
13455,0.0
13456,0.0
13457,0.0
13458,0.0
13459,1.7248583924715673e-10
13460,1.7248583924715673e-10
13461,4.0736007342060517e-10
13462,4.0736007342060517e-10
13463,4.0736007342060517e-10
13464,4.0736007342060517e-10
13465,4.0736007342060517e-10
13466,4.0736007342060517e-10
13467,4.0736007342060517e-10
13468,4.0736007342060517e-10
13469,2.1240036262343508e-09
13470,2.1240036262343508e-09
13471,2.7548920889066515e-09
13472,2.7548920889066515e-09
13473,3.41267474996799e-09
13474,3.41267474996799e-09
13475,3.41267474996799e-09
13476,3.41267474996799e-09
13477,3.871192186126282e-09
13478,3.871192186126282e-09
13479,4.884762752427574e-07
13480,4.884762752427574e-07
13481,8.052867673594297e-09
13482,8.052867673594297e-09
13483,8.052867673594297e-09
13484,8.052867673594297e-09
13485,8.052867673594297e-09
13486,8.052867673594297e-09
13487,7.918709042472065e-09
13488,7.918709042472065e-09
13489,0.0
13490,0.0
13491,0.0
13492,0.0
13493,5.115466019467541e-08
13494,4.6845345004034926e-05
13495,4.6845345004034926e-05
13496,4.681991151391405e-05
13497,4.681991151391405e-05
13498,3.778177719070796e-05
13499,3.778177719070796e-05
13500,3.7562189705937466e-05
13501,3.7562189705937466e-05
13502,1.3175429092880224e-09
13503,1.3175429092880224e-09
13504,1.3175429092880224e-09
13505,1.3175429092880224e-09
13506,1.3175429092880224e-09
13507,1.3175429092880224e-09
13508,1.3175429092880224e-09
13509,5.115466019467541e-08
13510,1.2213638304970709e-07
13511,1.5439601130644764e-07
13512,1.093707700603104e-07
13513,7.712228552981881e-08
13514,3.309298080788545e-08
13515,1.9942568603500903e-08
13516,1.2630679070491929e-08
13517,3.770856518995295e-08
13518,3.828852568808722e-09
13519,1.7851892437188812e-09
13520,0.0
13521,1.4442502757671876e-09
13522,8.502752451724133e-10
13523,8.502752451724133e-10
13524,8.502752451724133e-10
13525,2.632540523242215e-11
13526,2.632540523242215e-11
13527,2.632540523242215e-11
13528,0.0
13529,0.0
13530,0.0
13531,0.0
13532,0.0
13533,2.0758558834963086e-09
13534,1.0230694880947754e-09
13535,8.408219290129638e-11
13536,8.408219290129638e-11
13537,0.0
13538,1.7248583924715673e-10
13539,1.7248583924715673e-10
13540,4.0736007342060517e-10
13541,4.0736007342060517e-10
13542,4.0736007342060517e-10
13543,4.0736007342060517e-10
13544,4.0736007342060517e-10
13545,4.0736007342060517e-10
13546,4.0736007342060517e-10
13547,4.0736007342060517e-10
13548,2.1240036262343508e-09
13549,2.1240036262343508e-09
13550,2.7548920889066515e-09
13551,2.7548920889066515e-09
13552,3.41267474996799e-09
13553,3.41267474996799e-09
13554,3.41267474996799e-09
13555,3.41267474996799e-09
13556,4.023042214512718e-09
13557,4.023042214512718e-09
13558,4.884762752427574e-07
13559,4.884762752427574e-07
13560,8.052867673594297e-09
13561,8.052867673594297e-09
13562,8.052867673594297e-09
13563,8.052867673594297e-09
13564,8.052867673594297e-09
13565,8.052867673594297e-09
13566,7.918709042472065e-09
13567,7.918709042472065e-09
13568,0.0
13569,0.0
13570,0.0
13571,0.0
13572,5.115466019467541e-08
13573,4.6845345004034926e-05
13574,4.681991151391405e-05
13575,3.778177719070796e-05
13576,3.7562189705937466e-05
13577,1.3175429092880224e-09
13578,1.3175429092880224e-09
13579,1.3175429092880224e-09
13580,1.3175429092880224e-09
13581,5.115466019467541e-08
13582,1.2213638304970709e-07
13583,1.5439601130644764e-07
13584,1.093707700603104e-07
13585,7.712228552981881e-08
13586,3.309298080788545e-08
13587,1.9942568603500903e-08
13588,1.2630679070491929e-08
13589,3.828852568808722e-09
13590,1.7851892437188812e-09
13591,0.0
13592,1.4442502757671876e-09
13593,8.502752451724133e-10
13594,8.502752451724133e-10
13595,8.502752451724133e-10
13596,2.632540523242215e-11
13597,2.632540523242215e-11
13598,2.632540523242215e-11
13599,0.0
13600,0.0
13601,0.0
13602,0.0
13603,0.0
13604,2.0758558834963086e-09
13605,1.0230694880947754e-09
13606,8.408219290129638e-11
13607,8.408219290129638e-11
13608,5.115466019467541e-08
13609,4.6845345004034926e-05
13610,4.681991151391405e-05
13611,3.778177719070796e-05
13612,3.7562189705937466e-05
13613,1.3175429092880224e-09
13614,1.3175429092880224e-09
13615,1.3175429092880224e-09
13616,1.3175429092880224e-09
13617,5.115466019467541e-08
13618,1.2213638304970709e-07
13619,1.5439601130644764e-07
13620,1.093707700603104e-07
13621,7.712228552981881e-08
13622,3.309298080788545e-08
13623,1.9942568603500903e-08
13624,1.2630679070491929e-08
13625,3.770856518995295e-08
13626,3.828852568808722e-09
13627,1.7851892437188812e-09
13628,0.0
13629,1.4442502757671876e-09
13630,8.502752451724133e-10
13631,8.502752451724133e-10
13632,8.502752451724133e-10
13633,2.632540523242215e-11
13634,2.632540523242215e-11
13635,2.632540523242215e-11
13636,0.0
13637,0.0
13638,0.0
13639,0.0
13640,0.0
13641,2.0758558834963086e-09
13642,2.0758558834963086e-09
13643,1.0230694880947754e-09
13644,1.0230694880947754e-09
13645,8.408219290129638e-11
13646,8.408219290129638e-11
13647,8.408219290129638e-11
13648,8.408219290129638e-11
13649,0.0
13650,0.0
13651,0.0
13652,1.7248583924715673e-10
13653,1.7248583924715673e-10
13654,4.0736007342060517e-10
13655,4.0736007342060517e-10
13656,4.0736007342060517e-10
13657,4.0736007342060517e-10
13658,4.0736007342060517e-10
13659,4.0736007342060517e-10
13660,4.0736007342060517e-10
13661,4.0736007342060517e-10
13662,2.1240036262343508e-09
13663,2.1240036262343508e-09
13664,2.7548920889066515e-09
13665,2.7548920889066515e-09
13666,3.41267474996799e-09
13667,3.41267474996799e-09
13668,3.41267474996799e-09
13669,3.41267474996799e-09
13670,4.023042214512718e-09
13671,4.023042214512718e-09
13672,4.884762752427574e-07
13673,4.884762752427574e-07
13674,8.052867673594297e-09
13675,8.052867673594297e-09
13676,8.052867673594297e-09
13677,8.052867673594297e-09
13678,8.052867673594297e-09
13679,8.052867673594297e-09
13680,7.918709042472065e-09
13681,7.918709042472065e-09
13682,0.0
13683,0.0
13684,0.0
13685,0.0
13686,5.115466019467541e-08
13687,4.6845345004034926e-05
13688,4.681991151391405e-05
13689,3.778177719070796e-05
13690,3.7562189705937466e-05
13691,1.3175429092880224e-09
13692,1.3175429092880224e-09
13693,1.3175429092880224e-09
13694,1.3175429092880224e-09
13695,1.3175429092880224e-09
13696,5.115466019467541e-08
13697,5.115466019467541e-08
13698,1.2213638304970709e-07
13699,1.2213638304970709e-07
13700,1.5439601130644764e-07
13701,1.5439601130644764e-07
13702,1.093707700603104e-07
13703,1.093707700603104e-07
13704,7.712228552981881e-08
13705,7.712228552981881e-08
13706,3.309298080788545e-08
13707,3.309298080788545e-08
13708,1.9942568603500903e-08
13709,1.9942568603500903e-08
13710,1.2630679070491929e-08
13711,1.2630679070491929e-08
13712,3.828852568808722e-09
13713,3.828852568808722e-09
13714,1.7851892437188812e-09
13715,1.7851892437188812e-09
13716,0.0
13717,0.0
13718,1.4442502757671876e-09
13719,1.4442502757671876e-09
13720,8.502752451724133e-10
13721,8.502752451724133e-10
13722,8.502752451724133e-10
13723,8.502752451724133e-10
13724,8.502752451724133e-10
13725,8.502752451724133e-10
13726,2.632540523242215e-11
13727,2.632540523242215e-11
13728,2.632540523242215e-11
13729,2.632540523242215e-11
13730,2.632540523242215e-11
13731,2.632540523242215e-11
13732,0.0
13733,0.0
13734,0.0
13735,0.0
13736,0.0
13737,0.0
13738,0.0
13739,0.0
13740,0.0
13741,0.0
13742,2.0758558834963086e-09
13743,1.0230694880947754e-09
13744,8.408219290129638e-11
13745,8.408219290129638e-11
13746,0.0
13747,1.7248583924715673e-10
13748,4.0736007342060517e-10
13749,4.0736007342060517e-10
13750,4.0736007342060517e-10
13751,4.0736007342060517e-10
13752,2.1240036262343508e-09
13753,2.7548920889066515e-09
13754,3.41267474996799e-09
13755,3.41267474996799e-09
13756,4.023042214512718e-09
13757,4.884762752427574e-07
13758,8.052867673594297e-09
13759,8.052867673594297e-09
13760,8.052867673594297e-09
13761,7.918709042472065e-09
13762,0.0
13763,0.0
13764,9.439052601214444e-08
13765,5.115466019467541e-08
13766,4.6845331732097856e-05
13767,4.6845331732097856e-05
13768,4.680765554501164e-05
13769,4.680765554501164e-05
13770,3.77728401231363e-05
13771,3.77728401231363e-05
13772,3.7562189705937466e-05
13773,3.7562189705937466e-05
13774,5.328339926025328e-07
13775,5.328339926025328e-07
13776,3.601447842952743e-08
13777,3.601447842952743e-08
13778,5.07858640572103e-08
13779,5.07858640572103e-08
13780,1.2205739884516593e-07
13781,1.2205739884516593e-07
13782,9.439052601214444e-08
13783,9.439052601214444e-08
13784,7.712228552981881e-08
13785,7.712228552981881e-08
13786,3.302549186024191e-08
13787,3.302549186024191e-08
13788,1.940121405117479e-08
13789,1.940121405117479e-08
13790,1.2630679070491929e-08
13791,1.2630679070491929e-08
13792,3.770856518995295e-08
13793,3.770856518995295e-08
13794,3.770856518995295e-08
13795,3.770856518995295e-08
13796,3.770856518995295e-08
13797,3.738978295171595e-08
13798,3.738978295171595e-08
13799,3.770856518995295e-08
13800,3.770856518995295e-08
13801,3.828852568808722e-09
13802,1.7851892437188812e-09
13803,0.0
13804,0.0
13805,5.939750305947743e-10
13806,8.502752451724133e-10
13807,8.502752451724133e-10
13808,8.502752451724133e-10
13809,8.502752451724133e-10
13810,2.632540523242215e-11
13811,2.632540523242215e-11
13812,2.632540523242215e-11
13813,0.0
13814,0.0
13815,0.0
13816,0.0
13817,0.0
13818,0.0
13819,2.0758558834963086e-09
13820,1.0230694880947754e-09
13821,8.408219290129638e-11
13822,8.408219290129638e-11
13823,0.0
13824,0.0
13825,1.7248583924715673e-10
13826,4.0736007342060517e-10
13827,4.0736007342060517e-10
13828,4.0736007342060517e-10
13829,4.0736007342060517e-10
13830,2.1240036262343508e-09
13831,2.7548920889066515e-09
13832,3.41267474996799e-09
13833,3.41267474996799e-09
13834,3.871192186126282e-09
13835,4.884762752427574e-07
13836,8.052867673594297e-09
13837,8.052867673594297e-09
13838,8.052867673594297e-09
13839,7.918709042472065e-09
13840,0.0
13841,0.0
13842,9.439052601214444e-08
13843,4.6845331732097856e-05
13844,4.680765554501164e-05
13845,3.77728401231363e-05
13846,3.7562189705937466e-05
13847,5.328339926025328e-07
13848,3.601447842952743e-08
13849,5.07858640572103e-08
13850,1.2205739884516593e-07
13851,9.439052601214444e-08
13852,7.712228552981881e-08
13853,3.302549186024191e-08
13854,1.940121405117479e-08
13855,1.2630679070491929e-08
13856,3.738978295171595e-08
13857,3.770856518995295e-08
13858,3.828852568808722e-09
13859,3.828852568808722e-09
13860,1.7851892437188812e-09
13861,1.7851892437188812e-09
13862,0.0
13863,0.0
13864,0.0
13865,0.0
13866,5.939750305947743e-10
13867,5.939750305947743e-10
13868,8.502752451724133e-10
13869,8.502752451724133e-10
13870,8.502752451724133e-10
13871,8.502752451724133e-10
13872,8.502752451724133e-10
13873,8.502752451724133e-10
13874,8.502752451724133e-10
13875,8.502752451724133e-10
13876,2.632540523242215e-11
13877,2.632540523242215e-11
13878,2.632540523242215e-11
13879,2.632540523242215e-11
13880,2.632540523242215e-11
13881,2.632540523242215e-11
13882,0.0
13883,0.0
13884,0.0
13885,0.0
13886,0.0
13887,0.0
13888,0.0
13889,0.0
13890,0.0
13891,0.0
13892,0.0
13893,0.0
13894,2.0758558834963086e-09
13895,2.0758558834963086e-09
13896,1.0230694880947754e-09
13897,1.0230694880947754e-09
13898,8.408219290129638e-11
13899,8.408219290129638e-11
13900,8.408219290129638e-11
13901,0.0
13902,0.0
13903,1.7248583924715673e-10
13904,4.0736007342060517e-10
13905,4.0736007342060517e-10
13906,4.0736007342060517e-10
13907,4.0736007342060517e-10
13908,2.1240036262343508e-09
13909,2.7548920889066515e-09
13910,3.41267474996799e-09
13911,3.41267474996799e-09
13912,3.871192186126282e-09
13913,4.884762752427574e-07
13914,8.052867673594297e-09
13915,8.052867673594297e-09
13916,8.052867673594297e-09
13917,7.918709042472065e-09
13918,0.0
13919,0.0
13920,9.439052601214444e-08
13921,4.6845331732097856e-05
13922,4.680765554501164e-05
13923,3.77728401231363e-05
13924,3.7562189705937466e-05
13925,5.328339926025328e-07
13926,3.601447842952743e-08
13927,5.07858640572103e-08
13928,1.2205739884516593e-07
13929,9.439052601214444e-08
13930,7.712228552981881e-08
13931,3.302549186024191e-08
13932,1.940121405117479e-08
13933,1.2630679070491929e-08
13934,3.738978295171595e-08
13935,3.770856518995295e-08
13936,3.828852568808722e-09
13937,1.7851892437188812e-09
13938,0.0
13939,0.0
13940,5.939750305947743e-10
13941,8.502752451724133e-10
13942,8.502752451724133e-10
13943,8.502752451724133e-10
13944,8.502752451724133e-10
13945,2.632540523242215e-11
13946,2.632540523242215e-11
13947,2.632540523242215e-11
13948,0.0
13949,0.0
13950,0.0
13951,0.0
13952,0.0
13953,0.0
13954,2.0758558834963086e-09
13955,1.0230694880947754e-09
13956,8.408219290129638e-11
13957,8.408219290129638e-11
13958,8.408219290129638e-11
13959,0.0
13960,0.0
13961,0.0
13962,0.0
13963,1.7248583924715673e-10
13964,1.7248583924715673e-10
13965,4.0736007342060517e-10
13966,4.0736007342060517e-10
13967,4.0736007342060517e-10
13968,4.0736007342060517e-10
13969,4.0736007342060517e-10
13970,4.0736007342060517e-10
13971,4.0736007342060517e-10
13972,4.0736007342060517e-10
13973,2.1240036262343508e-09
13974,2.1240036262343508e-09
13975,2.7548920889066515e-09
13976,2.7548920889066515e-09
13977,3.41267474996799e-09
13978,3.41267474996799e-09
13979,3.41267474996799e-09
13980,3.41267474996799e-09
13981,3.871192186126282e-09
13982,3.871192186126282e-09
13983,4.884762752427574e-07
13984,4.884762752427574e-07
13985,8.052867673594297e-09
13986,8.052867673594297e-09
13987,8.052867673594297e-09
13988,8.052867673594297e-09
13989,8.052867673594297e-09
13990,8.052867673594297e-09
13991,7.918709042472065e-09
13992,7.918709042472065e-09
13993,0.0
13994,0.0
13995,0.0
13996,0.0
13997,5.115466019467541e-08
13998,4.6845345004034926e-05
13999,4.6845345004034926e-05
14000,4.681991151391405e-05
14001,4.681991151391405e-05
14002,3.778177719070796e-05
14003,3.778177719070796e-05
14004,3.7562189705937466e-05
14005,3.7562189705937466e-05
14006,1.3175429092880224e-09
14007,1.3175429092880224e-09
14008,1.3175429092880224e-09
14009,1.3175429092880224e-09
14010,1.3175429092880224e-09
14011,1.3175429092880224e-09
14012,1.3175429092880224e-09
14013,5.115466019467541e-08
14014,1.2213638304970709e-07
14015,1.5439601130644764e-07
14016,1.093707700603104e-07
14017,7.712228552981881e-08
14018,3.309298080788545e-08
14019,1.9942568603500903e-08
14020,1.2630679070491929e-08
14021,3.828852568808722e-09
14022,1.7851892437188812e-09
14023,0.0
14024,8.502752451724133e-10
14025,8.502752451724133e-10
14026,8.502752451724133e-10
14027,2.632540523242215e-11
14028,2.632540523242215e-11
14029,2.632540523242215e-11
14030,0.0
14031,0.0
14032,0.0
14033,0.0
14034,0.0
14035,2.0758558834963086e-09
14036,1.0230694880947754e-09
14037,8.408219290129638e-11
14038,8.408219290129638e-11
14039,0.0
14040,1.7248583924715673e-10
14041,1.7248583924715673e-10
14042,4.0736007342060517e-10
14043,4.0736007342060517e-10
14044,4.0736007342060517e-10
14045,4.0736007342060517e-10
14046,4.0736007342060517e-10
14047,4.0736007342060517e-10
14048,4.0736007342060517e-10
14049,4.0736007342060517e-10
14050,2.1240036262343508e-09
14051,2.1240036262343508e-09
14052,2.7548920889066515e-09
14053,2.7548920889066515e-09
14054,3.41267474996799e-09
14055,3.41267474996799e-09
14056,3.41267474996799e-09
14057,3.41267474996799e-09
14058,4.023042214512718e-09
14059,4.023042214512718e-09
14060,4.884762752427574e-07
14061,4.884762752427574e-07
14062,8.052867673594297e-09
14063,8.052867673594297e-09
14064,8.052867673594297e-09
14065,8.052867673594297e-09
14066,8.052867673594297e-09
14067,8.052867673594297e-09
14068,7.918709042472065e-09
14069,7.918709042472065e-09
14070,0.0
14071,0.0
14072,0.0
14073,0.0
14074,5.115466019467541e-08
14075,4.6845345004034926e-05
14076,4.681991151391405e-05
14077,3.778177719070796e-05
14078,3.7562189705937466e-05
14079,1.3175429092880224e-09
14080,1.3175429092880224e-09
14081,1.3175429092880224e-09
14082,1.3175429092880224e-09
14083,5.115466019467541e-08
14084,1.2213638304970709e-07
14085,1.5439601130644764e-07
14086,1.093707700603104e-07
14087,7.712228552981881e-08
14088,3.309298080788545e-08
14089,1.9942568603500903e-08
14090,1.2630679070491929e-08
14091,3.770856518995295e-08
14092,3.828852568808722e-09
14093,1.7851892437188812e-09
14094,0.0
14095,1.4442502757671876e-09
14096,8.502752451724133e-10
14097,8.502752451724133e-10
14098,8.502752451724133e-10
14099,2.632540523242215e-11
14100,2.632540523242215e-11
14101,2.632540523242215e-11
14102,0.0
14103,0.0
14104,0.0
14105,0.0
14106,0.0
14107,2.0758558834963086e-09
14108,1.0230694880947754e-09
14109,8.408219290129638e-11
14110,8.408219290129638e-11
14111,5.115466019467541e-08
14112,4.6845345004034926e-05
14113,4.681991151391405e-05
14114,3.778177719070796e-05
14115,3.7562189705937466e-05
14116,1.3175429092880224e-09
14117,1.3175429092880224e-09
14118,1.3175429092880224e-09
14119,1.3175429092880224e-09
14120,5.115466019467541e-08
14121,1.2213638304970709e-07
14122,1.5439601130644764e-07
14123,1.093707700603104e-07
14124,7.712228552981881e-08
14125,3.309298080788545e-08
14126,1.9942568603500903e-08
14127,1.2630679070491929e-08
14128,3.770856518995295e-08
14129,3.828852568808722e-09
14130,1.7851892437188812e-09
14131,0.0
14132,1.4442502757671876e-09
14133,8.502752451724133e-10
14134,8.502752451724133e-10
14135,8.502752451724133e-10
14136,2.632540523242215e-11
14137,2.632540523242215e-11
14138,2.632540523242215e-11
14139,0.0
14140,0.0
14141,0.0
14142,0.0
14143,0.0
14144,2.0758558834963086e-09
14145,2.0758558834963086e-09
14146,1.0230694880947754e-09
14147,1.0230694880947754e-09
14148,8.408219290129638e-11
14149,8.408219290129638e-11
14150,8.408219290129638e-11
14151,8.408219290129638e-11
14152,0.0
14153,0.0
14154,0.0
14155,1.7248583924715673e-10
14156,1.7248583924715673e-10
14157,4.0736007342060517e-10
14158,4.0736007342060517e-10
14159,4.0736007342060517e-10
14160,4.0736007342060517e-10
14161,4.0736007342060517e-10
14162,4.0736007342060517e-10
14163,4.0736007342060517e-10
14164,4.0736007342060517e-10
14165,2.1240036262343508e-09
14166,2.1240036262343508e-09
14167,2.7548920889066515e-09
14168,2.7548920889066515e-09
14169,3.41267474996799e-09
14170,3.41267474996799e-09
14171,3.41267474996799e-09
14172,3.41267474996799e-09
14173,4.023042214512718e-09
14174,4.023042214512718e-09
14175,4.884762752427574e-07
14176,4.884762752427574e-07
14177,8.052867673594297e-09
14178,8.052867673594297e-09
14179,8.052867673594297e-09
14180,8.052867673594297e-09
14181,8.052867673594297e-09
14182,8.052867673594297e-09
14183,7.918709042472065e-09
14184,7.918709042472065e-09
14185,0.0
14186,0.0
14187,0.0
14188,0.0
14189,4.6845331732097856e-05
14190,4.680765554501164e-05
14191,3.77728401231363e-05
14192,3.7562189705937466e-05
14193,5.328339926025328e-07
14194,0.0
14195,0.0
14196,5.672074820886498e-10
14197,1.3175429092880224e-09
14198,1.3175429092880224e-09
14199,1.3175429092880224e-09
14200,1.3175429092880224e-09
14201,1.3175429092880224e-09
14202,1.3175429092880224e-09
14203,0.0
14204,0.0
14205,3.601447842952743e-08
14206,5.07858640572103e-08
14207,1.2205739884516593e-07
14208,9.439052601214444e-08
14209,7.712228552981881e-08
14210,3.302549186024191e-08
14211,1.940121405117479e-08
14212,1.2630679070491929e-08
14213,1.2630679070491929e-08
14214,5.66238227459777e-09
14215,2.5407302005931508e-09
14216,1.184763060966226e-08
14217,3.738978295171595e-08
14218,3.770856518995295e-08
14219,5.965459263056263e-06
14220,2.658389997887669e-05
14221,2.6586213599998307e-05
14222,2.6586877589371472e-05
14223,3.828852568808722e-09
14224,1.7851892437188812e-09
14225,0.0
14226,0.0
14227,0.0
14228,1.999915946210408e-09
14229,1.999915946210408e-09
14230,3.7061298230705456e-09
14231,3.7061298230705456e-09
14232,3.7061298230705456e-09
14233,3.7061298230705456e-09
14234,2.710645088186601e-09
14235,1.7062138768601373e-09
14236,5.939750305947743e-10
14237,8.502752451724133e-10
14238,8.502752451724133e-10
14239,8.502752451724133e-10
14240,8.502752451724133e-10
14241,0.0
14242,0.0
14243,9.439191908895663e-11
14244,9.439191908895663e-11
14245,2.632540523242215e-11
14246,2.632540523242215e-11
14247,2.632540523242215e-11
14248,0.0
14249,0.0
14250,0.0
14251,0.0
14252,0.0
14253,0.0
14254,2.0758558834963086e-09
14255,1.0230694880947754e-09
14256,8.408219290129638e-11
14257,8.408219290129638e-11
14258,0.0
14259,0.0
14260,1.7248583924715673e-10
14261,4.0736007342060517e-10
14262,4.0736007342060517e-10
14263,4.0736007342060517e-10
14264,4.0736007342060517e-10
14265,2.1240036262343508e-09
14266,2.7548920889066515e-09
14267,4.6845331732097856e-05
14268,4.680765554501164e-05
14269,3.77728401231363e-05
14270,3.7562189705937466e-05
14271,5.328339926025328e-07
14272,0.0
14273,0.0
14274,5.672074820886498e-10
14275,1.3175429092880224e-09
14276,1.3175429092880224e-09
14277,1.3175429092880224e-09
14278,1.3175429092880224e-09
14279,1.3175429092880224e-09
14280,1.3175429092880224e-09
14281,0.0
14282,0.0
14283,3.601447842952743e-08
14284,5.07858640572103e-08
14285,1.2205739884516593e-07
14286,9.439052601214444e-08
14287,7.712228552981881e-08
14288,3.302549186024191e-08
14289,1.940121405117479e-08
14290,1.2630679070491929e-08
14291,1.2630679070491929e-08
14292,5.66238227459777e-09
14293,2.5407302005931508e-09
14294,1.184763060966226e-08
14295,3.738978295171595e-08
14296,3.770856518995295e-08
14297,5.965459263056263e-06
14298,2.658389997887669e-05
14299,2.6586213599998307e-05
14300,2.6586877589371472e-05
14301,3.828852568808722e-09
14302,1.7851892437188812e-09
14303,0.0
14304,0.0
14305,0.0
14306,1.999915946210408e-09
14307,1.999915946210408e-09
14308,3.7061298230705456e-09
14309,3.7061298230705456e-09
14310,3.7061298230705456e-09
14311,3.7061298230705456e-09
14312,2.710645088186601e-09
14313,1.7062138768601373e-09
14314,5.939750305947743e-10
14315,8.502752451724133e-10
14316,8.502752451724133e-10
14317,8.502752451724133e-10
14318,8.502752451724133e-10
14319,0.0
14320,0.0
14321,9.439191908895663e-11
14322,9.439191908895663e-11
14323,2.632540523242215e-11
14324,2.632540523242215e-11
14325,2.632540523242215e-11
14326,0.0
14327,0.0
14328,0.0
14329,0.0
14330,0.0
14331,0.0
14332,2.0758558834963086e-09
14333,1.0230694880947754e-09
14334,8.408219290129638e-11
14335,8.408219290129638e-11
14336,0.0
14337,0.0
14338,1.7248583924715673e-10
14339,4.0736007342060517e-10
14340,4.0736007342060517e-10
14341,4.0736007342060517e-10
14342,4.0736007342060517e-10
14343,2.1240036262343508e-09
14344,2.7548920889066515e-09
14345,4.6845331732097856e-05
14346,4.680765554501164e-05
14347,3.77728401231363e-05
14348,3.7562189705937466e-05
14349,5.328339926025328e-07
14350,5.672074820886498e-10
14351,1.3175429092880224e-09
14352,1.3175429092880224e-09
14353,1.3175429092880224e-09
14354,1.3175429092880224e-09
14355,1.3175429092880224e-09
14356,1.3175429092880224e-09
14357,0.0
14358,0.0
14359,3.601447842952743e-08
14360,5.07858640572103e-08
14361,1.2205739884516593e-07
14362,7.712228552981881e-08
14363,3.302549186024191e-08
14364,1.940121405117479e-08
14365,1.2630679070491929e-08
14366,3.738978295171595e-08
14367,3.770856518995295e-08
14368,3.828852568808722e-09
14369,3.7061298230705456e-09
14370,3.7061298230705456e-09
14371,1.7062138768601373e-09
14372,5.939750305947743e-10
14373,8.502752451724133e-10
14374,8.502752451724133e-10
14375,8.502752451724133e-10
14376,8.502752451724133e-10
14377,2.632540523242215e-11
14378,2.632540523242215e-11
14379,2.632540523242215e-11
14380,0.0
14381,0.0
14382,0.0
14383,0.0
14384,0.0
14385,0.0
14386,2.0758558834963086e-09
14387,1.0230694880947754e-09
14388,8.408219290129638e-11
14389,8.408219290129638e-11
14390,0.0
14391,0.0
14392,1.7248583924715673e-10
14393,4.0736007342060517e-10
14394,4.0736007342060517e-10
14395,4.0736007342060517e-10
14396,4.0736007342060517e-10
14397,2.1240036262343508e-09
14398,3.41267474996799e-09
14399,3.41267474996799e-09
14400,4.884762752427574e-07
14401,8.052867673594297e-09
14402,8.052867673594297e-09
14403,8.052867673594297e-09
14404,7.918709042472065e-09
14405,0.0
14406,0.0
14407,0.0
14408,5.833078444146415e-08
14409,7.216334068840979e-07
14410,7.216334068840979e-07
14411,3.8363193654539995e-08
14412,2.201819480605099e-08
14413,2.9874512709859844e-08
14414,8.728794909139314e-08
14415,8.728794909139314e-08
14416,1.0695583385447045e-07
14417,9.873733072886554e-06
14418,5.188406339323396e-07
14419,7.670703003604377e-08
14420,4.6845331732097856e-05
14421,4.680765554501164e-05
14422,3.77728401231363e-05
14423,3.7562189705937466e-05
14424,5.328339926025328e-07
14425,5.672074820886498e-10
14426,1.3175429092880224e-09
14427,1.3175429092880224e-09
14428,1.3175429092880224e-09
14429,1.3175429092880224e-09
14430,1.3175429092880224e-09
14431,1.3175429092880224e-09
14432,0.0
14433,0.0
14434,3.601447842952743e-08
14435,5.07858640572103e-08
14436,1.2205739884516593e-07
14437,9.439052601214444e-08
14438,7.712228552981881e-08
14439,3.302549186024191e-08
14440,1.940121405117479e-08
14441,1.2630679070491929e-08
14442,3.738978295171595e-08
14443,3.770856518995295e-08
14444,3.828852568808722e-09
14445,3.7061298230705456e-09
14446,3.7061298230705456e-09
14447,1.7062138768601373e-09
14448,5.939750305947743e-10
14449,8.502752451724133e-10
14450,8.502752451724133e-10
14451,8.502752451724133e-10
14452,8.502752451724133e-10
14453,2.632540523242215e-11
14454,2.632540523242215e-11
14455,2.632540523242215e-11
14456,0.0
14457,0.0
14458,0.0
14459,0.0
14460,0.0
14461,0.0
14462,2.0758558834963086e-09
14463,1.0230694880947754e-09
14464,8.408219290129638e-11
14465,8.408219290129638e-11
14466,0.0
14467,0.0
14468,1.7248583924715673e-10
14469,4.0736007342060517e-10
14470,4.0736007342060517e-10
14471,4.0736007342060517e-10
14472,4.0736007342060517e-10
14473,2.1240036262343508e-09
14474,2.7548920889066515e-09
14475,2.7548920889066515e-09
14476,3.41267474996799e-09
14477,3.41267474996799e-09
14478,3.41267474996799e-09
14479,3.41267474996799e-09
14480,3.871192186126282e-09
14481,3.871192186126282e-09
14482,4.884762752427574e-07
14483,4.884762752427574e-07
14484,8.052867673594297e-09
14485,8.052867673594297e-09
14486,8.052867673594297e-09
14487,8.052867673594297e-09
14488,8.052867673594297e-09
14489,8.052867673594297e-09
14490,7.918709042472065e-09
14491,7.918709042472065e-09
14492,0.0
14493,0.0
14494,0.0
14495,0.0
14496,0.0
14497,0.0
14498,4.6845331732097856e-05
14499,4.680765554501164e-05
14500,3.77728401231363e-05
14501,3.7562189705937466e-05
14502,5.328339926025328e-07
14503,5.672074820886498e-10
14504,1.3175429092880224e-09
14505,1.3175429092880224e-09
14506,1.3175429092880224e-09
14507,1.3175429092880224e-09
14508,1.3175429092880224e-09
14509,1.3175429092880224e-09
14510,0.0
14511,0.0
14512,3.601447842952743e-08
14513,5.07858640572103e-08
14514,1.2205739884516593e-07
14515,7.712228552981881e-08
14516,3.302549186024191e-08
14517,1.940121405117479e-08
14518,1.2630679070491929e-08
14519,3.738978295171595e-08
14520,3.770856518995295e-08
14521,3.828852568808722e-09
14522,3.7061298230705456e-09
14523,3.7061298230705456e-09
14524,1.7062138768601373e-09
14525,5.939750305947743e-10
14526,8.502752451724133e-10
14527,8.502752451724133e-10
14528,8.502752451724133e-10
14529,8.502752451724133e-10
14530,2.632540523242215e-11
14531,2.632540523242215e-11
14532,2.632540523242215e-11
14533,0.0
14534,0.0
14535,0.0
14536,0.0
14537,0.0
14538,0.0
14539,2.0758558834963086e-09
14540,1.0230694880947754e-09
14541,8.408219290129638e-11
14542,8.408219290129638e-11
14543,0.0
14544,0.0
14545,1.7248583924715673e-10
14546,4.0736007342060517e-10
14547,4.0736007342060517e-10
14548,4.0736007342060517e-10
14549,4.0736007342060517e-10
14550,2.1240036262343508e-09
14551,3.41267474996799e-09
14552,3.41267474996799e-09
14553,4.884762752427574e-07
14554,8.052867673594297e-09
14555,8.052867673594297e-09
14556,8.052867673594297e-09
14557,7.918709042472065e-09
14558,0.0
14559,0.0
14560,0.0
14561,5.833078444146415e-08
14562,7.216334068840979e-07
14563,7.216334068840979e-07
14564,3.8363193654539995e-08
14565,2.201819480605099e-08
14566,2.9874512709859844e-08
14567,8.728794909139314e-08
14568,8.728794909139314e-08
14569,1.0695583385447045e-07
14570,9.873733072886554e-06
14571,5.188406339323396e-07
14572,7.670703003604377e-08
14573,4.6845331732097856e-05
14574,4.680765554501164e-05
14575,3.77728401231363e-05
14576,3.7562189705937466e-05
14577,5.328339926025328e-07
14578,5.672074820886498e-10
14579,1.3175429092880224e-09
14580,1.3175429092880224e-09
14581,1.3175429092880224e-09
14582,1.3175429092880224e-09
14583,1.3175429092880224e-09
14584,1.3175429092880224e-09
14585,0.0
14586,0.0
14587,3.601447842952743e-08
14588,5.07858640572103e-08
14589,1.2205739884516593e-07
14590,9.439052601214444e-08
14591,7.712228552981881e-08
14592,3.302549186024191e-08
14593,1.940121405117479e-08
14594,1.2630679070491929e-08
14595,3.738978295171595e-08
14596,3.770856518995295e-08
14597,3.828852568808722e-09
14598,3.7061298230705456e-09
14599,3.7061298230705456e-09
14600,1.7062138768601373e-09
14601,5.939750305947743e-10
14602,8.502752451724133e-10
14603,8.502752451724133e-10
14604,8.502752451724133e-10
14605,8.502752451724133e-10
14606,2.632540523242215e-11
14607,2.632540523242215e-11
14608,2.632540523242215e-11
14609,0.0
14610,0.0
14611,0.0
14612,0.0
14613,0.0
14614,0.0
14615,2.0758558834963086e-09
14616,1.0230694880947754e-09
14617,8.408219290129638e-11
14618,8.408219290129638e-11
14619,0.0
14620,0.0
14621,1.7248583924715673e-10
14622,4.0736007342060517e-10
14623,4.0736007342060517e-10
14624,4.0736007342060517e-10
14625,4.0736007342060517e-10
14626,2.1240036262343508e-09
14627,2.7548920889066515e-09
14628,2.7548920889066515e-09
14629,3.41267474996799e-09
14630,3.41267474996799e-09
14631,3.41267474996799e-09
14632,3.41267474996799e-09
14633,3.871192186126282e-09
14634,3.871192186126282e-09
14635,4.884762752427574e-07
14636,4.884762752427574e-07
14637,8.052867673594297e-09
14638,8.052867673594297e-09
14639,8.052867673594297e-09
14640,8.052867673594297e-09
14641,8.052867673594297e-09
14642,8.052867673594297e-09
14643,7.918709042472065e-09
14644,7.918709042472065e-09
14645,0.0
14646,0.0
14647,0.0
14648,0.0
14649,0.0
14650,0.0
14651,9.439052601214444e-08
14652,5.115466019467541e-08
14653,8.052867673594297e-09
14654,1.0230694880947754e-09
14655,4.023042214512718e-09
14656,8.052867673594297e-09
14657,5.115466019467541e-08
14658,2.632540523242215e-11
14659,4.6845345004034926e-05
14660,2.632540523242215e-11
14661,1.0230694880947754e-09
14662,2.632540523242215e-11
14663,1.0230694880947754e-09
14664,0.0
14665,3.828852568808722e-09
14666,1.7851892437188812e-09
14667,2.632540523242215e-11
14668,0.0
14669,1.0230694880947754e-09
14670,3.41267474996799e-09
14671,8.052867673594297e-09
14672,5.939750305947743e-10
14673,2.632540523242215e-11
14674,2.632540523242215e-11
14675,1.0230694880947754e-09
14676,8.408219290129638e-11
14677,3.77728401231363e-05
14678,2.632540523242215e-11
14679,1.0230694880947754e-09
14680,0.0
14681,1.0230694880947754e-09
14682,1.2205739884516593e-07
14683,3.302549186024191e-08
14684,3.770856518995295e-08
14685,2.658389997887669e-05
14686,2.6586877589371472e-05
14687,3.828852568808722e-09
14688,1.7851892437188812e-09
14689,0.0
14690,5.939750305947743e-10
14691,0.0
14692,0.0
14693,2.0758558834963086e-09
14694,1.0230694880947754e-09
14695,8.408219290129638e-11
14696,1.7062138768601373e-09
14697,2.632540523242215e-11
14698,2.632540523242215e-11
14699,0.0
14700,0.0
14701,2.0758558834963086e-09
14702,1.0230694880947754e-09
14703,8.408219290129638e-11
14704,0.0
14705,1.7248583924715673e-10
14706,4.0736007342060517e-10
14707,4.0736007342060517e-10
14708,2.1240036262343508e-09
14709,2.7548920889066515e-09
14710,3.41267474996799e-09
14711,3.7061298230705456e-09
14712,2.632540523242215e-11
14713,2.632540523242215e-11
14714,0.0
14715,1.0230694880947754e-09
14716,0.0
14717,1.7248583924715673e-10
14718,9.439052601214444e-08
14719,5.115466019467541e-08
14720,8.052867673594297e-09
14721,1.0230694880947754e-09
14722,4.023042214512718e-09
14723,8.052867673594297e-09
14724,5.115466019467541e-08
14725,2.632540523242215e-11
14726,4.6845345004034926e-05
14727,2.632540523242215e-11
14728,1.0230694880947754e-09
14729,2.632540523242215e-11
14730,1.0230694880947754e-09
14731,0.0
14732,3.828852568808722e-09
14733,1.7851892437188812e-09
14734,2.632540523242215e-11
14735,0.0
14736,1.0230694880947754e-09
14737,3.41267474996799e-09
14738,8.052867673594297e-09
14739,5.939750305947743e-10
14740,2.632540523242215e-11
14741,2.632540523242215e-11
14742,1.0230694880947754e-09
14743,8.408219290129638e-11
14744,3.77728401231363e-05
14745,2.632540523242215e-11
14746,1.0230694880947754e-09
14747,0.0
14748,1.0230694880947754e-09
14749,1.2205739884516593e-07
14750,3.302549186024191e-08
14751,3.770856518995295e-08
14752,2.658389997887669e-05
14753,2.6586877589371472e-05
14754,3.828852568808722e-09
14755,1.7851892437188812e-09
14756,0.0
14757,5.939750305947743e-10
14758,0.0
14759,0.0
14760,2.0758558834963086e-09
14761,1.0230694880947754e-09
14762,8.408219290129638e-11
14763,1.7062138768601373e-09
14764,2.632540523242215e-11
14765,2.632540523242215e-11
14766,0.0
14767,0.0
14768,2.0758558834963086e-09
14769,1.0230694880947754e-09
14770,8.408219290129638e-11
14771,0.0
14772,1.7248583924715673e-10
14773,4.0736007342060517e-10
14774,4.0736007342060517e-10
14775,2.1240036262343508e-09
14776,2.7548920889066515e-09
14777,3.41267474996799e-09
14778,3.7061298230705456e-09
14779,2.632540523242215e-11
14780,2.632540523242215e-11
14781,0.0
14782,1.0230694880947754e-09
14783,0.0
14784,1.7248583924715673e-10
14785,9.439052601214444e-08
14786,5.115466019467541e-08
14787,8.052867673594297e-09
14788,1.0230694880947754e-09
14789,4.023042214512718e-09
14790,8.052867673594297e-09
14791,5.115466019467541e-08
14792,2.632540523242215e-11
14793,4.6845345004034926e-05
14794,2.632540523242215e-11
14795,1.0230694880947754e-09
14796,2.632540523242215e-11
14797,1.0230694880947754e-09
14798,0.0
14799,3.828852568808722e-09
14800,1.7851892437188812e-09
14801,2.632540523242215e-11
14802,0.0
14803,1.0230694880947754e-09
14804,3.41267474996799e-09
14805,8.052867673594297e-09
14806,5.939750305947743e-10
14807,2.632540523242215e-11
14808,2.632540523242215e-11
14809,1.0230694880947754e-09
14810,8.408219290129638e-11
14811,3.77728401231363e-05
14812,2.632540523242215e-11
14813,1.0230694880947754e-09
14814,0.0
14815,1.0230694880947754e-09
14816,1.2205739884516593e-07
14817,3.302549186024191e-08
14818,3.770856518995295e-08
14819,2.658389997887669e-05
14820,2.6586877589371472e-05
14821,3.828852568808722e-09
14822,1.7851892437188812e-09
14823,0.0
14824,5.939750305947743e-10
14825,0.0
14826,0.0
14827,2.0758558834963086e-09
14828,1.0230694880947754e-09
14829,8.408219290129638e-11
14830,1.7062138768601373e-09
14831,2.632540523242215e-11
14832,2.632540523242215e-11
14833,0.0
14834,0.0
14835,2.0758558834963086e-09
14836,1.0230694880947754e-09
14837,8.408219290129638e-11
14838,0.0
14839,1.7248583924715673e-10
14840,4.0736007342060517e-10
14841,4.0736007342060517e-10
14842,2.1240036262343508e-09
14843,2.7548920889066515e-09
14844,3.41267474996799e-09
14845,3.7061298230705456e-09
14846,2.632540523242215e-11
14847,2.632540523242215e-11
14848,0.0
14849,1.0230694880947754e-09
14850,0.0
14851,1.7248583924715673e-10
14852,9.439052601214444e-08
14853,5.115466019467541e-08
14854,8.052867673594297e-09
14855,1.0230694880947754e-09
14856,4.023042214512718e-09
14857,8.052867673594297e-09
14858,5.115466019467541e-08
14859,2.632540523242215e-11
14860,4.6845345004034926e-05
14861,2.632540523242215e-11
14862,1.0230694880947754e-09
14863,2.632540523242215e-11
14864,1.0230694880947754e-09
14865,0.0
14866,3.828852568808722e-09
14867,1.7851892437188812e-09
14868,2.632540523242215e-11
14869,0.0
14870,1.0230694880947754e-09
14871,3.41267474996799e-09
14872,8.052867673594297e-09
14873,5.939750305947743e-10
14874,2.632540523242215e-11
14875,2.632540523242215e-11
14876,1.0230694880947754e-09
14877,8.408219290129638e-11
14878,3.77728401231363e-05
14879,2.632540523242215e-11
14880,1.0230694880947754e-09
14881,0.0
14882,1.0230694880947754e-09
14883,1.2205739884516593e-07
14884,3.302549186024191e-08
14885,3.770856518995295e-08
14886,2.658389997887669e-05
14887,2.6586877589371472e-05
14888,3.828852568808722e-09
14889,1.7851892437188812e-09
14890,0.0
14891,5.939750305947743e-10
14892,0.0
14893,0.0
14894,2.0758558834963086e-09
14895,1.0230694880947754e-09
14896,8.408219290129638e-11
14897,1.7062138768601373e-09
14898,2.632540523242215e-11
14899,2.632540523242215e-11
14900,0.0
14901,0.0
14902,2.0758558834963086e-09
14903,1.0230694880947754e-09
14904,8.408219290129638e-11
14905,0.0
14906,1.7248583924715673e-10
14907,4.0736007342060517e-10
14908,4.0736007342060517e-10
14909,2.1240036262343508e-09
14910,2.7548920889066515e-09
14911,3.41267474996799e-09
14912,3.7061298230705456e-09
14913,2.632540523242215e-11
14914,2.632540523242215e-11
14915,0.0
14916,1.0230694880947754e-09
14917,0.0
14918,1.7248583924715673e-10
14919,5.115466019467541e-08
14920,4.0736007342060517e-10
14921,5.115466019467541e-08
14922,4.0736007342060517e-10
14923,8.052867673594297e-09
14924,1.0230694880947754e-09
14925,1.0230694880947754e-09
14926,5.115466019467541e-08
14927,1.093707700603104e-07
14928,1.093707700603104e-07
14929,4.0736007342060517e-10
14930,4.0736007342060517e-10
14931,8.052867673594297e-09
14932,8.052867673594297e-09
14933,1.0230694880947754e-09
14934,1.0230694880947754e-09
14935,1.0230694880947754e-09
14936,1.0230694880947754e-09
14937,1.2000747332044034e-07
14938,1.2000747332044034e-07
14941,5.115466019467541e-08
14942,4.0736007342060517e-10
14943,5.115466019467541e-08
14944,4.0736007342060517e-10
14945,8.052867673594297e-09
14946,1.0230694880947754e-09
14947,1.0230694880947754e-09
14948,5.115466019467541e-08
14949,1.093707700603104e-07
14950,1.093707700603104e-07
14951,4.0736007342060517e-10
14952,4.0736007342060517e-10
14953,8.052867673594297e-09
14954,8.052867673594297e-09
14955,1.0230694880947754e-09
14956,1.0230694880947754e-09
14957,1.0230694880947754e-09
14958,1.0230694880947754e-09
14959,1.2000747332044034e-07
14960,5.115466019467541e-08
14961,4.0736007342060517e-10
14962,5.115466019467541e-08
14963,4.0736007342060517e-10
14964,8.052867673594297e-09
14965,1.0230694880947754e-09
14966,1.0230694880947754e-09
14967,5.115466019467541e-08
14968,1.093707700603104e-07
14969,1.093707700603104e-07
14970,4.0736007342060517e-10
14971,4.0736007342060517e-10
14972,8.052867673594297e-09
14973,8.052867673594297e-09
14974,1.0230694880947754e-09
14975,1.0230694880947754e-09
14976,1.0230694880947754e-09
14977,1.0230694880947754e-09
14978,1.2000747332044034e-07
14979,1.2000747332044034e-07
14982,5.115466019467541e-08
14983,4.0736007342060517e-10
14984,5.115466019467541e-08
14985,4.0736007342060517e-10
14986,8.052867673594297e-09
14987,1.0230694880947754e-09
14988,1.0230694880947754e-09
14989,5.115466019467541e-08
14990,1.093707700603104e-07
14991,1.093707700603104e-07
14992,4.0736007342060517e-10
14993,4.0736007342060517e-10
14994,8.052867673594297e-09
14995,8.052867673594297e-09
14996,1.0230694880947754e-09
14997,1.0230694880947754e-09
14998,1.0230694880947754e-09
14999,1.0230694880947754e-09
15000,1.2000747332044034e-07
15001,1.2000747332044034e-07
15004,5.115466019467541e-08
15005,4.0736007342060517e-10
15006,5.115466019467541e-08
15007,4.0736007342060517e-10
15008,8.052867673594297e-09
15009,1.0230694880947754e-09
15010,1.0230694880947754e-09
15011,5.115466019467541e-08
15012,1.093707700603104e-07
15013,1.093707700603104e-07
15014,4.0736007342060517e-10
15015,4.0736007342060517e-10
15016,8.052867673594297e-09
15017,8.052867673594297e-09
15018,1.0230694880947754e-09
15019,1.0230694880947754e-09
15020,1.0230694880947754e-09
15021,1.0230694880947754e-09
15022,5.115466019467541e-08
15023,4.0736007342060517e-10
15024,5.115466019467541e-08
15025,4.0736007342060517e-10
15026,8.052867673594297e-09
15027,1.0230694880947754e-09
15028,1.0230694880947754e-09
15029,5.115466019467541e-08
15030,1.093707700603104e-07
15031,1.093707700603104e-07
15032,4.0736007342060517e-10
15033,4.0736007342060517e-10
15034,8.052867673594297e-09
15035,8.052867673594297e-09
15036,1.0230694880947754e-09
15037,1.0230694880947754e-09
15038,1.0230694880947754e-09
15039,1.0230694880947754e-09
15040,1.2000747332044034e-07
15041,1.2000747332044034e-07
29950,4.480287945414571e-09
29951,0.0
29952,0.0
29953,5.223465294314556e-10
29954,5.223465294314556e-10
29955,5.223465294314556e-10
29956,0.0
29957,0.0
29958,0.0
29959,0.0
29960,0.0
29961,0.0
29962,0.0
29963,0.0
29964,0.0
29965,0.0
29966,0.0
29967,0.0
29968,0.0
29969,0.0
29970,0.0
29971,0.0
29972,0.0
29973,0.0
29974,0.0
29975,0.0
29976,0.0
29977,0.0
29978,0.0
29979,0.0
29980,0.0
29981,0.0
29982,0.0
29983,0.0
29984,0.0
29985,0.0
29986,0.0
29987,0.0
29988,0.0
29989,0.0
29990,0.0
29991,0.0
29992,0.0
29993,0.0
29994,0.0
29995,0.0
29996,0.0
29997,0.0
29998,2.5733735356363198e-09
29999,1.9265352513308888e-10
30000,1.9265352513308888e-10
30001,0.0
30002,0.0
30003,0.0
30004,0.0
30005,0.0
30006,0.0
30007,0.0
30008,0.0
30009,0.0
30010,4.5903756731808186e-10
30011,8.687779489711839e-08
30012,8.687779489711839e-08
30013,0.0
30014,0.0
30015,0.0
30016,0.0
30017,0.0
30018,0.0
30019,0.0
30020,0.0
30021,0.0
30022,0.0
30023,0.0
30024,0.0
30025,0.0
30026,0.0
30027,4.480287945414571e-09
30028,4.24331671952517e-09
30029,4.24331671952517e-09
30030,0.0
30031,0.0
30032,0.0
30033,0.0
30034,0.0
30035,0.0
30036,0.0
30037,0.0
30038,0.0
30039,0.0
30040,0.0
30041,0.0
30042,0.0
30043,0.0
30044,0.0
30045,0.0
30046,0.0
30047,0.0
30048,0.0
30049,0.0
30050,0.0
30051,0.0
30052,0.0
30053,0.0
30054,0.0
30055,0.0
30056,0.0
30057,0.0
30058,0.0
30059,0.0
30060,0.0
30061,0.0
30062,0.0
30063,0.0
30064,0.0
30065,0.0
30066,0.0
30067,0.0
30068,0.0
30069,0.0
30070,0.0
30071,0.0
30072,0.0
30073,0.0
30074,0.0
30075,0.0
30076,0.0
30077,0.0
30078,0.0
30079,0.0
30080,0.0
30081,0.0
30082,0.0
30083,0.0
30084,0.0
30085,0.0
30086,0.0
30087,0.0
30088,0.0
30089,0.0
30090,0.0
30091,0.0
30092,0.0
30093,0.0
30094,0.0
30095,0.0
30096,0.0
30097,0.0
30098,0.0
30099,0.0
30100,0.0
30101,0.0
30102,0.0
30103,0.0
30104,0.0
30105,0.0
30106,4.480287945414571e-09
30107,4.24331671952517e-09
30108,4.24331671952517e-09
30109,0.0
30110,0.0
30111,0.0
30112,0.0
30113,0.0
30114,0.0
30115,0.0
30116,0.0
30117,0.0
30118,0.0
30119,0.0
30120,0.0
30121,0.0
30122,0.0
30123,0.0
30124,0.0
30125,0.0
30126,0.0
30127,0.0
30128,0.0
30129,0.0
30130,0.0
30131,6.838700803250503e-09
30132,6.838700803250503e-09
30133,6.838700803250503e-09
30134,6.838700803250503e-09
30135,6.838700803250503e-09
30136,6.838700803250503e-09
30137,2.5733735356363198e-09
30138,2.5733735356363198e-09
30139,1.9265352513308888e-10
30140,1.9265352513308888e-10
30141,1.9265352513308888e-10
30142,1.9265352513308888e-10
30143,1.9265352513308888e-10
30144,1.9265352513308888e-10
30145,1.9265352513308888e-10
30146,1.9265352513308888e-10
30147,1.9265352513308888e-10
30148,1.9265352513308888e-10
30149,0.0
30150,0.0
30151,0.0
30152,0.0
30153,0.0
30154,0.0
30155,0.0
30156,0.0
30157,0.0
30158,0.0
30159,0.0
30160,0.0
30161,0.0
30162,0.0
30163,0.0
30164,0.0
30165,0.0
30166,0.0
30167,0.0
30168,0.0
30169,0.0
30170,0.0
30171,0.0
30172,0.0
30173,0.0
30174,0.0
30175,0.0
30176,0.0
30177,0.0
30178,0.0
30179,0.0
30180,0.0
30181,0.0
30182,0.0
30183,0.0
30184,4.480287945414571e-09
30185,4.24331671952517e-09
30186,4.24331671952517e-09
30187,0.0
30188,0.0
30189,0.0
30190,0.0
30191,4.5903756731808186e-10
30192,4.5903756731808186e-10
30193,6.664621794207154e-10
30194,6.664621794207154e-10
30195,6.664621794207154e-10
30196,6.664621794207154e-10
30197,6.664621794207154e-10
30198,6.664621794207154e-10
30199,6.664621794207154e-10
30200,6.664621794207154e-10
30201,6.664621794207154e-10
30202,6.664621794207154e-10
30203,6.664621794207154e-10
30204,6.664621794207154e-10
30205,2.8304525170519014e-10
30206,2.8304525170519014e-10
30207,1.4964349054364303e-10
30208,1.4964349054364303e-10
30209,0.0
30210,0.0
30211,0.0
30212,0.0
30213,9.325248368723195e-11
30214,9.325248368723195e-11
30215,9.325248368723195e-11
30216,9.325248368723195e-11
30217,9.325248368723195e-11
30218,9.325248368723195e-11
30219,1.475648356310188e-09
30220,1.475648356310188e-09
30221,1.72099063458943e-08
30222,1.72099063458943e-08
30223,8.687779489711839e-08
30224,8.687779489711839e-08
30225,8.687779489711839e-08
30226,8.687779489711839e-08
30227,8.687779489711839e-08
30228,8.687779489711839e-08
30229,0.0
30230,0.0
30231,0.0
30232,0.0
30233,0.0
30234,0.0
30235,0.0
30236,0.0
30237,0.0
30238,0.0
30239,0.0
30240,0.0
30241,0.0
30242,0.0
30243,0.0
30244,0.0
30245,0.0
30246,0.0
30247,0.0
30248,0.0
30249,0.0
30250,0.0
30251,0.0
30252,0.0
30253,0.0
30254,0.0
30255,0.0
30256,0.0
30257,0.0
30258,0.0
30259,0.0
30260,0.0
30261,0.0
30262,0.0
30263,4.480287945414571e-09
30264,8.598233444439579e-11
30265,0.0
30266,0.0
30267,0.0
30268,5.2207759701295684e-11
30269,1.681913311851567e-08
30270,2.791728073076805e-07
30271,2.8145174430838135e-07
30272,0.0
30273,0.0
30274,0.0
30275,3.994228157602376e-07
30276,5.672645109012177e-07
30277,1.6336014070778995e-06
30278,1.62786868501246e-06
30279,4.466302057651062e-08
30280,4.466302057651062e-08
30281,2.002185980438195e-09
30282,0.0
30283,0.0
30284,1.90325115382128e-07
30285,2.3276107513725503e-07
30286,2.3276107513725503e-07
30287,2.727076252208874e-07
30288,1.1898076630059007e-09
30289,4.142013217805757e-10
30290,0.0
30291,0.0
30292,0.0
30293,0.0
30294,6.785919134276838e-09
30295,6.785919134276838e-09
30296,6.785919134276838e-09
30297,6.785919134276838e-09
30298,6.785919134276838e-09
30299,0.0
30300,0.0
30301,1.940183255537603e-08
30302,2.7589431490565826e-08
30303,3.340868941657305e-08
30304,3.340868941657305e-08
30305,3.340868941657305e-08
30306,9.854019788559024e-08
30307,8.929767654191528e-08
30308,8.65897278966314e-09
30309,7.779722219140548e-10
30310,0.0
30311,0.0
30312,0.0
30313,0.0
30314,0.0
30315,0.0
30316,8.598233444439579e-11
30317,0.0
30318,0.0
30319,0.0
30320,5.2207759701295684e-11
30321,1.681913311851567e-08
30322,2.791728073076805e-07
30323,2.8145174430838135e-07
30324,0.0
30325,0.0
30326,0.0
30327,3.994228157602376e-07
30328,5.672645109012177e-07
30329,1.6336014070778995e-06
30330,1.62786868501246e-06
30331,4.466302057651062e-08
30332,4.466302057651062e-08
30333,2.002185980438195e-09
30334,0.0
30335,0.0
30336,1.90325115382128e-07
30337,2.3276107513725503e-07
30338,2.3276107513725503e-07
30339,2.727076252208874e-07
30340,1.1898076630059007e-09
30341,4.142013217805757e-10
30342,0.0
30343,0.0
30344,0.0
30345,0.0
30346,6.785919134276838e-09
30347,6.785919134276838e-09
30348,6.785919134276838e-09
30349,6.785919134276838e-09
30350,6.785919134276838e-09
30351,0.0
30352,0.0
30353,1.940183255537603e-08
30354,2.7589431490565826e-08
30355,3.340868941657305e-08
30356,3.340868941657305e-08
30357,3.340868941657305e-08
30358,9.854019788559024e-08
30359,8.929767654191528e-08
30360,8.65897278966314e-09
30361,7.779722219140548e-10
30362,0.0
30363,0.0
30364,0.0
30365,0.0
30366,0.0
30367,0.0
30368,0.0
30369,0.0
30370,1.659272368407052e-09
30371,8.108916477131966e-09
30372,8.108916477131966e-09
30373,8.6990789740611e-09
30374,7.039806605654047e-09
30375,8.585312071250695e-09
30376,3.6248310449823493e-07
30377,3.6248310449823493e-07
30378,2.1815486792592254e-08
30379,2.145305591688906e-08
30380,1.321995237919518e-09
30381,1.3711348265093282e-09
30382,7.87780614666285e-09
30383,1.074677243122526e-08
30384,1.074677243122526e-08
30385,1.8606472753133902e-08
30386,8.642464571275601e-07
30387,0.0001004477269376487
30388,0.011081659322426383
30389,5.893240700952597e-06
30390,5.893208621422017e-06
30391,1.995014865859507e-08
30392,1.995014865859507e-08
30489,2.2210611685931004e-09
30490,2.2210611685931004e-09
30491,4.0532837709868e-09
30492,4.0532837709868e-09
30493,4.24331671952517e-09
30494,4.24331671952517e-09
30495,4.480287945414571e-09
30496,4.24331671952517e-09
30497,4.24331671952517e-09
30498,4.24331671952517e-09
30499,4.24331671952517e-09
30500,4.288013360505358e-09
30501,4.288013360505358e-09
30502,4.480287945414571e-09
30503,4.480287945414571e-09
30504,3.7308116949868496e-09
30505,3.7308116949868496e-09
30506,5.223465294314556e-10
30507,5.223465294314556e-10
30508,5.223465294314556e-10
30509,5.223465294314556e-10
30510,5.223465294314556e-10
30511,5.223465294314556e-10
30512,5.223465294314556e-10
30513,5.223465294314556e-10
30514,5.223465294314556e-10
30515,5.223465294314556e-10
30516,5.223465294314556e-10
30517,5.223465294314556e-10
30518,5.223465294314556e-10
30519,5.223465294314556e-10
30520,2.2706925375665736e-10
30521,2.2706925375665736e-10
30522,0.0
30523,0.0
30524,0.0
30525,0.0
30526,0.0
30527,0.0
30528,0.0
30529,0.0
30530,1.488743764339948e-10
30531,1.488743764339948e-10
30532,1.2650081134588448e-09
30533,1.2650081134588448e-09
30534,3.312723643497754e-09
30535,3.312723643497754e-09
30536,3.312723643497754e-09
30537,3.312723643497754e-09
30538,3.312723643497754e-09
30539,3.312723643497754e-09
30540,3.312723643497754e-09
30541,3.312723643497754e-09
30542,3.312723643497754e-09
30543,3.312723643497754e-09
30544,3.312723643497754e-09
30545,3.312723643497754e-09
30546,3.312723643497754e-09
30547,3.312723643497754e-09
30548,3.312723643497754e-09
30549,3.312723643497754e-09
30550,3.1983425819400825e-09
30551,3.1983425819400825e-09
30552,2.6154185980231178e-09
30553,2.6154185980231178e-09
30554,1.0517738252914149e-09
30555,1.0517738252914149e-09
30556,2.35672320969428e-10
30557,2.35672320969428e-10
30558,9.424025526581879e-10
30559,9.424025526581879e-10
30560,1.1415320535667334e-09
30561,1.1415320535667334e-09
30562,1.7081428743718913e-09
30563,1.7081428743718913e-09
30564,1.7081428743718913e-09
30565,1.7081428743718913e-09
30566,2.285283198719307e-08
30567,2.285283198719307e-08
30568,4.480287945414571e-09
30569,4.24331671952517e-09
30570,4.24331671952517e-09
30571,2.285283198719307e-08
30572,2.285283198719307e-08
30573,2.273707786397697e-08
30574,2.273707786397697e-08
30575,2.217393941269373e-08
30576,2.217393941269373e-08
30577,2.18515016921365e-08
30578,2.18515016921365e-08
30579,0.0
30580,0.0
30581,0.0
30582,0.0
30583,6.735265525787275e-10
30584,6.735265525787275e-10
30585,2.2099279423402788e-09
30586,2.2099279423402788e-09
30587,2.2957001794790518e-08
30588,2.2957001794790518e-08
30589,0.0
30590,0.0
30591,0.0
30592,0.0
30593,0.0
30594,0.0
30595,0.0
30596,0.0
30597,0.0
30598,0.0
30599,0.0
30600,0.0
30601,0.0
30602,0.0
30603,0.0
30604,0.0
30605,2.479938391715955e-09
30606,2.479938391715955e-09
30607,2.479938391715955e-09
30608,2.479938391715955e-09
30609,3.0516299725637026e-09
30610,3.0516299725637026e-09
30611,1.1978469622710329e-08
30612,1.1978469622710329e-08
30613,1.1978469622710329e-08
30614,1.1978469622710329e-08
30615,1.1978469622710329e-08
30616,1.1978469622710329e-08
30617,1.1978469622710329e-08
30618,1.1978469622710329e-08
30619,1.1978469622710329e-08
30620,1.1978469622710329e-08
30621,2.646071529803712e-09
30622,2.646071529803712e-09
30623,5.0394654134743507e-11
30624,5.0394654134743507e-11
30625,0.0
30626,0.0
30627,0.0
30628,0.0
30629,0.0
30630,0.0
30631,0.0
30632,0.0
30633,0.0
30634,0.0
30635,0.0
30636,0.0
30637,0.0
30638,0.0
30639,0.0
30640,0.0
30641,0.0
30642,0.0
30643,0.0
30644,0.0
30645,0.0
30646,0.0
30647,4.480287945414571e-09
30648,4.24331671952517e-09
30649,4.24331671952517e-09
30650,0.0
30651,0.0
30652,0.0
30653,0.0
30654,0.0
30655,1.4964349054364303e-10
30656,0.0
30657,0.0
30658,1.1978469622710329e-08
30659,0.0
30660,0.0
30661,0.0
30662,0.0
30663,0.0
30664,1.3040839187160118e-05
30665,1.2820507152358994e-05
30666,9.833778269763167e-07
30667,1.2287054819407123e-07
30668,0.0
30669,0.0
30670,1.1978469622710329e-08
30671,0.0
30672,0.0
30673,0.0
30674,0.0
30675,1.0113589477566538e-05
30676,1.891120106346911e-05
30677,0.00017978171826035512
30678,1.2919580773433649e-05
30679,1.2918171098357142e-05
30680,1.3040839187160118e-05
30681,1.2820507152358994e-05
30682,3.7187934012209684e-07
30683,7.384189990740053e-07
30684,6.458730860203381e-06
30685,6.782333164363319e-06
30686,9.833778269763167e-07
30687,4.89025776101638e-07
30688,1.2287054819407123e-07
30689,2.0313398347467995e-09
30690,3.821122349567571e-10
30691,3.821122349567571e-10
30692,1.1492570246873804e-09
30693,6.981278310974155e-08
30694,8.682386125003869e-06
30695,0.0006908922090454884
30696,0.000690983563511737
30697,1.345419024636619e-06
30698,1.3097890584046078e-06
30699,1.2607694170897954e-06
30700,1.259895016196975e-06
30701,6.18647374681429e-07
30702,7.713566288200311e-09
30703,4.807805184659534e-09
30704,3.589388732768486e-10
30705,9.325248368723195e-11
30706,7.956936341052831e-10
30707,8.720047413176878e-09
30708,1.8569786106872317e-07
30709,6.380652324708412e-08
30710,6.247831074163531e-08
30711,6.4145084241711e-09
30712,1.0854109927807098e-08
30713,4.516645531847025e-08
30714,4.516645531847025e-08
30715,4.516645531847025e-08
30716,4.504300033997467e-08
30717,1.4814634710580305e-09
30718,2.309658557611872e-08
30719,2.630751275633195e-07
30720,1.9899098775547326e-05
30721,1.9899098775547326e-05
30722,2.0772104330736003e-05
30723,4.0023080288666284e-07
30724,2.085651430882164e-06
30725,4.997359888874695e-06
30726,3.988508079285695e-06
30727,3.988508079285695e-06
30728,6.121383998487856e-07
30729,4.893954197833801e-09
30730,0.0
30731,4.934371463408915e-07
30732,4.934371463408915e-07
30733,2.61376667488853e-07
30734,4.3394094030482125e-09
30735,4.480287945414571e-09
30736,2.1008678503041167e-06
30737,0.00010166710654587796
30738,0.00011865552717844248
30739,0.00011880333563378682
30740,8.268825380544303e-06
30741,6.461398054483156e-06
30742,4.106834819791797e-06
30743,4.7256010714350775e-08
30744,4.7256010714350775e-08
30745,2.7227242621588846e-09
30746,1.7869317848367434e-09
30747,0.0
30748,0.0
30749,0.0
30750,6.525168881556873e-09
30751,1.764708701683069e-09
30752,9.809487044007115e-10
30753,4.480287945414571e-09
30754,0.0
30755,0.0
30756,1.1978469622710329e-08
30757,0.0
30758,0.0
30759,0.0
30760,0.0
30761,0.0
30762,0.0
30763,0.0
30764,0.0
30765,0.0
30766,1.1978469622710329e-08
30767,1.1978469622710329e-08
30768,0.0
30769,0.0
30770,0.0
30771,0.0
30772,4.480287945414571e-09
30773,1.1978469622710329e-08
30774,0.0
30775,0.0
30776,0.0
30777,2.646071529803712e-09
30778,0.0
30779,1.1978469622710329e-08
30780,0.0
30781,1.1978469622710329e-08
30782,6.735265525787275e-10
30783,0.0
30784,2.217393941269373e-08
30785,0.0
30786,1.1978469622710329e-08
30787,0.0
30788,2.18515016921365e-08
30789,0.0
30790,1.1978469622710329e-08
30791,4.934371463408915e-07
30792,0.0
30793,4.934371463408915e-07
30794,2.61376667488853e-07
30795,4.3394094030482125e-09
30796,4.480287945414571e-09
30797,0.0
30798,0.0
30799,1.1978469622710329e-08
30800,1.1978469622710329e-08
30801,2.646071529803712e-09
30802,0.0
30803,2.217393941269373e-08
30804,2.18515016921365e-08
30805,0.0
30806,2.2099279423402788e-09
30807,5.0394654134743507e-11
30808,0.0
30809,0.0
30810,4.480287945414571e-09
30811,0.0
30812,0.0
30813,0.0
30814,0.0
30815,0.0
30816,0.0
30817,0.0
30818,0.0
30819,0.0
30820,0.0
30821,0.0
30822,0.0
30823,0.0
30824,0.0
30825,0.0
30826,0.0
30827,0.0
30828,0.0
30829,4.480287945414571e-09
30830,4.89122208519373e-10
30831,2.18515016921365e-08
30832,0.0
30833,0.0
30834,0.0
30835,0.0
30836,1.1978469622710329e-08
30837,0.0
30838,0.0
30839,0.0
30840,2.2210611685931004e-09
30841,4.0532837709868e-09
30842,3.1983425819400825e-09
30843,2.2210611685931004e-09
30844,4.24331671952517e-09
30845,4.480287945414571e-09
30846,2.2706925375665736e-10
30847,0.0
30848,4.480287945414571e-09
30849,0.0
30850,0.0
30851,1.1978469622710329e-08
30852,0.0
30853,0.0
30854,0.0
30855,0.0
30856,0.0
30857,0.0
30858,0.0
30859,0.0
30860,0.0
30861,1.1978469622710329e-08
30862,1.1978469622710329e-08
30863,0.0
30864,0.0
30865,0.0
30866,0.0
30867,4.480287945414571e-09
30868,1.1978469622710329e-08
30869,0.0
30870,0.0
30871,0.0
30872,2.646071529803712e-09
30873,0.0
30874,1.1978469622710329e-08
30875,0.0
30876,1.1978469622710329e-08
30877,6.735265525787275e-10
30878,0.0
30879,2.217393941269373e-08
30880,0.0
30881,1.1978469622710329e-08
30882,0.0
30883,2.18515016921365e-08
30884,0.0
30885,1.1978469622710329e-08
30886,4.934371463408915e-07
30887,0.0
30888,4.934371463408915e-07
30889,2.61376667488853e-07
30890,4.3394094030482125e-09
30891,4.480287945414571e-09
30892,0.0
30893,0.0
30894,1.1978469622710329e-08
30895,1.1978469622710329e-08
30896,2.646071529803712e-09
30897,0.0
30898,2.217393941269373e-08
30899,2.18515016921365e-08
30900,0.0
30901,2.2099279423402788e-09
30902,5.0394654134743507e-11
30903,0.0
30904,0.0
30905,4.480287945414571e-09
30906,0.0
30907,0.0
30908,0.0
30909,0.0
30910,0.0
30911,0.0
30912,0.0
30913,0.0
30914,0.0
30915,0.0
30916,0.0
30917,0.0
30918,0.0
30919,0.0
30920,0.0
30921,0.0
30922,0.0
30923,0.0
30924,4.480287945414571e-09
30925,4.89122208519373e-10
30926,2.18515016921365e-08
30927,0.0
30928,0.0
30929,0.0
30930,0.0
30931,1.1978469622710329e-08
30932,0.0
30933,0.0
30934,0.0
30935,2.2210611685931004e-09
30936,4.0532837709868e-09
30937,3.1983425819400825e-09
30938,2.2210611685931004e-09
30939,4.24331671952517e-09
30940,4.480287945414571e-09
30941,2.2706925375665736e-10
30942,0.0
30985,2.638941470114271e-06
30986,1.5955031442287467e-06
30987,2.4611759515271234e-06
30988,6.739329240731879e-06
30989,0.0
30990,0.0
30991,0.0
30992,0.0
30993,1.8569786106872317e-07
30994,1.8569786106872317e-07
30995,4.24331671952517e-09
30996,4.24331671952517e-09
30997,4.288013360505358e-09
30998,4.480287945414571e-09
30999,3.7308116949868496e-09
31000,0.0
31001,0.0
31002,0.0
31003,0.0
31004,0.0
31005,0.0
31006,0.0
31007,0.0
31008,0.0
31009,0.0
31010,0.0
31011,0.0
31012,6.428919612604438e-11
31013,4.89122208519373e-10
31014,4.89122208519373e-10
31015,4.89122208519373e-10
31016,4.89122208519373e-10
31017,4.89122208519373e-10
31018,4.89122208519373e-10
31019,4.89122208519373e-10
31020,4.89122208519373e-10
31021,2.5234314746818637e-08
31022,7.630791163142572e-07
31023,7.6501765260502e-07
31024,7.693069033037697e-07
31025,2.7190725337924936e-07
31026,1.213241941011066e-08
31027,8.316185849100847e-09
31028,6.525168881556873e-09
31029,6.525168881556873e-09
31030,6.525168881556873e-09
31031,8.402817876143546e-09
31032,1.0079012634911571e-08
31033,8.762784517727615e-08
31034,8.762784517727615e-08
31035,8.762784517727615e-08
31036,8.747315880169699e-08
31037,1.3278894000841698e-08
31038,1.3278894000841698e-08
31039,1.8468232129041132e-07
31040,1.8125981788651789e-07
31041,1.7782040582050615e-07
31042,0.0
31043,0.0
31044,0.0
31045,0.0
31046,0.0
31047,1.5164449924301743e-06
31048,1.5164449924301743e-06
31049,1.5071953904514257e-06
31050,1.5073169233487576e-06
31051,3.2029540209893416e-07
31052,2.870524934845331e-07
31053,2.9182460606797827e-07
31054,2.016346981048861e-06
31055,4.288013360505358e-09
31056,1.9994619386247087e-06
31057,2.662829544992611e-07
31058,2.669689520800467e-07
31059,2.72374724723498e-07
31060,2.3706043722561358e-07
31061,2.3580809011626112e-07
31062,7.36184499533135e-09
31063,7.113482136959703e-09
31064,6.883881670212472e-09
31065,0.0
31066,0.0
31067,0.0
31068,0.0
31069,0.0
31070,5.100072826538071e-09
31071,4.466302057651062e-08
31072,4.466302057651062e-08
31073,4.466302057651062e-08
31074,2.3276107513725503e-07
31075,2.385771023326072e-07
31076,2.727076252208874e-07
31077,0.0
31078,0.0
31079,0.0
31080,0.0
31081,0.0
31082,0.0
31083,0.0
31084,1.1898076630059007e-09
31085,1.1898076630059007e-09
31086,1.1898076630059007e-09
31087,1.1898076630059007e-09
31088,1.1898076630059007e-09
31089,0.0
31090,1.0516784728131865e-09
31091,8.929767654191528e-08
31092,0.0
31093,0.0
31094,2.640684857197045e-09
31095,2.2256787757464736e-09
31096,1.889618073125926e-09
31097,0.0
31098,0.0
31099,0.0
31100,0.0
31101,0.0
31102,0.0
31103,0.0
31104,0.0
31105,0.0
31106,0.0
31107,0.0
31108,0.0
31109,0.0
31110,0.0
31111,0.0
31112,0.0
31113,0.0
31114,0.0
31115,0.0
31116,0.0
31117,0.0
31118,0.0
31119,0.0
31120,0.0
31121,0.0
31122,0.0
31123,0.0
31124,4.288013360505358e-09
31125,5.223465294314556e-10
31126,5.223465294314556e-10
31127,2.2706925375665736e-10
31128,0.0
31129,0.0
31130,0.0
31131,0.0
31132,1.488743764339948e-10
31133,1.2650081134588448e-09
31134,3.312723643497754e-09
31135,3.312723643497754e-09
31136,3.312723643497754e-09
31137,3.312723643497754e-09
31138,3.312723643497754e-09
31139,3.312723643497754e-09
31140,3.312723643497754e-09
31141,3.312723643497754e-09
31142,3.1983425819400825e-09
31143,2.6154185980231178e-09
31144,1.0517738252914149e-09
31145,2.35672320969428e-10
31146,9.424025526581879e-10
31147,2.285283198719307e-08
31148,2.285283198719307e-08
31149,2.273707786397697e-08
31150,2.217393941269373e-08
31151,2.18515016921365e-08
31152,0.0
31153,0.0
31154,6.735265525787275e-10
31155,2.2099279423402788e-09
31156,2.2957001794790518e-08
31157,0.0
31158,0.0
31159,0.0
31160,0.0
31161,0.0
31162,0.0
31163,0.0
31164,0.0
31165,2.479938391715955e-09
31166,2.479938391715955e-09
31167,3.0516299725637026e-09
31168,1.1978469622710329e-08
31169,1.1978469622710329e-08
31170,1.1978469622710329e-08
31171,1.1978469622710329e-08
31172,1.1978469622710329e-08
31173,2.646071529803712e-09
31174,5.0394654134743507e-11
31175,0.0
31176,0.0
31177,0.0
31178,0.0
31179,0.0
31180,0.0
31181,0.0
31182,0.0
31183,0.0
31184,0.0
31185,0.0
31186,0.0
31187,0.0
31188,0.0
31189,0.0
31190,0.0
31191,0.0
31192,0.0
31193,0.0
31194,4.288013360505358e-09
31195,0.0
31196,0.0
31197,0.0
31198,0.0
31199,0.0
31200,0.0
31201,0.0
31202,0.0
31203,0.0
31204,0.0
31205,0.0
31206,0.0
31207,0.0
31208,0.0
31209,0.0
31210,0.0
31211,0.0
31212,0.0
31213,0.0
31214,0.0
31215,0.0
31216,0.0
31217,6.838700803250503e-09
31218,7.0313543283835925e-09
31219,2.5733735356363198e-09
31220,1.9265352513308888e-10
31221,0.0
31222,0.0
31223,0.0
31224,0.0
31225,0.0
31226,0.0
31227,0.0
31228,0.0
31229,0.0
31230,0.0
31231,0.0
31232,0.0
31233,0.0
31234,0.0
31235,0.0
31236,0.0
31237,0.0
31238,0.0
31239,0.0
31240,0.0
31241,6.664621794207154e-10
31242,6.664621794207154e-10
31243,6.664621794207154e-10
31244,6.664621794207154e-10
31245,6.664621794207154e-10
31246,2.8304525170519014e-10
31247,2.8304525170519014e-10
31248,2.8304525170519014e-10
31249,1.4964349054364303e-10
31250,0.0
31251,0.0
31252,0.0
31253,0.0
31254,0.0
31255,0.0
31256,9.325248368723195e-11
31257,9.325248368723195e-11
31258,9.325248368723195e-11
31259,9.325248368723195e-11
31260,1.475648356310188e-09
31261,1.72099063458943e-08
31262,0.0
31263,0.0
31264,4.480287945414571e-09
31265,0.0
31266,0.0
31267,0.0
31268,0.0
31269,0.0
31270,0.0
31271,0.0
31272,0.0
31273,0.0
31274,0.0
31275,0.0
31276,2.727076252208874e-07
31277,2.727076252208874e-07
31278,2.727076252208874e-07
31279,1.2059560707057974e-07
31280,4.632596420450887e-08
31281,4.088567953619792e-08
31282,1.509742401270362e-08
31283,7.762113310534459e-10
31284,0.0
31285,0.0
31286,0.0
31287,9.424025526581879e-10
31288,1.1415320535667334e-09
31289,1.7081428743718913e-09
31290,1.7081428743718913e-09
31291,1.7081428743718913e-09
31292,2.9836713145125363e-09
31293,2.9836713145125363e-09
31294,2.3105239178911815e-08
31295,0.0
31296,0.0
31297,0.0
31298,0.0
31299,6.838700803250503e-09
31300,6.838700803250503e-09
31301,6.838700803250503e-09
31302,6.838700803250503e-09
31303,4.480287945414571e-09
31304,7.693069033037697e-07
31305,4.480287945414571e-09
31306,4.480287945414571e-09
31307,0.0
31308,0.0
31309,1.1978469622710329e-08
31310,0.0
31311,0.0
31312,0.0
31313,0.0
31314,0.0
31315,0.0
31316,0.0
31317,0.0
31318,0.0
31319,1.1978469622710329e-08
31320,1.1978469622710329e-08
31321,0.0
31322,0.0
31323,0.0
31324,0.0
31325,4.480287945414571e-09
31326,1.1978469622710329e-08
31327,0.0
31328,0.0
31329,0.0
31330,2.646071529803712e-09
31331,0.0
31332,1.1978469622710329e-08
31333,0.0
31334,1.1978469622710329e-08
31335,6.735265525787275e-10
31336,0.0
31337,2.217393941269373e-08
31338,0.0
31339,1.1978469622710329e-08
31340,0.0
31341,2.18515016921365e-08
31342,0.0
31343,1.1978469622710329e-08
31344,4.934371463408915e-07
31345,0.0
31346,4.934371463408915e-07
31347,2.61376667488853e-07
31348,4.3394094030482125e-09
31349,4.480287945414571e-09
31350,0.0
31351,0.0
31352,1.1978469622710329e-08
31353,1.1978469622710329e-08
31354,2.646071529803712e-09
31355,0.0
31356,2.217393941269373e-08
31357,2.18515016921365e-08
31358,0.0
31359,2.2099279423402788e-09
31360,5.0394654134743507e-11
31361,0.0
31362,0.0
31363,4.480287945414571e-09
31364,0.0
31365,0.0
31366,0.0
31367,0.0
31368,0.0
31369,0.0
31370,0.0
31371,0.0
31372,0.0
31373,0.0
31374,0.0
31375,0.0
31376,0.0
31377,0.0
31378,0.0
31379,0.0
31380,0.0
31381,0.0
31382,4.480287945414571e-09
31383,4.89122208519373e-10
31384,2.18515016921365e-08
31385,0.0
31386,0.0
31387,0.0
31388,0.0
31389,1.1978469622710329e-08
31390,0.0
31391,0.0
31392,0.0
31393,2.2210611685931004e-09
31394,4.0532837709868e-09
31395,3.1983425819400825e-09
31396,2.2210611685931004e-09
31397,4.24331671952517e-09
31398,4.480287945414571e-09
31399,2.2706925375665736e-10
31400,0.0
31401,2.0349819377771206e-06
31402,4.480287945414571e-09
31576,2.5723436955338012e-08
31577,1.1978469622710329e-08
31578,4.480287945414571e-09
31579,4.480287945414571e-09
31580,2.2210611685931004e-09
31581,4.480287945414571e-09
31582,4.89122208519373e-10
31583,4.89122208519373e-10
31584,1.488743764339948e-10
31585,7.693069033037697e-07
31586,2.0349819377771206e-06
31587,0.0
31588,0.0
31589,0.0
31590,0.0
31591,0.0
31592,0.0
31593,0.0
31594,0.0
31595,0.0
31596,0.0
31597,0.0
31598,0.0
31599,0.0
31600,7.693069033037697e-07
31601,4.480287945414571e-09
31602,4.89122208519373e-10
31603,7.693069033037697e-07
31604,2.7190725337924936e-07
31605,0.0
31606,0.0
31607,0.0
31608,0.0
31609,0.0
31610,0.0
31611,0.0
31612,0.0
31613,0.0
31614,0.0
31615,0.0
31616,0.0
31617,0.0
31618,0.0
31619,0.0
31620,0.0
31621,4.480287945414571e-09
31622,4.89122208519373e-10
31623,7.693069033037697e-07
31624,2.7190725337924936e-07
31625,1.213241941011066e-08
31626,0.0
31627,0.0
31628,0.0
31629,0.0
31630,0.0
31631,0.0
31632,0.0
31633,0.0
31634,0.0
31635,7.630791163142572e-07
31636,7.6501765260502e-07
31637,7.693069033037697e-07
31638,0.0
31639,0.0
31640,4.480287945414571e-09
31641,4.89122208519373e-10
31642,0.0
31643,0.0
31644,0.0
31645,0.0
31646,0.0
31647,0.0
31648,0.0
31649,4.480287945414571e-09
31650,4.89122208519373e-10
31651,1.488743764339948e-10
31652,7.693069033037697e-07
31653,2.0349819377771206e-06
31654,0.0
31655,0.0
31656,0.0
31657,0.0
31658,0.0
31659,0.0
31660,0.0
31661,0.0
31662,0.0
31663,0.0
31664,0.0
31665,0.0
31666,0.0
31667,7.693069033037697e-07
31668,4.480287945414571e-09
31669,4.89122208519373e-10
31670,7.693069033037697e-07
31671,2.7190725337924936e-07
31672,0.0
31673,0.0
31674,0.0
31675,0.0
31676,0.0
31677,0.0
31678,0.0
31679,0.0
31680,0.0
31681,0.0
31682,0.0
31683,0.0
31684,0.0
31685,0.0
31686,0.0
31687,4.480287945414571e-09
31688,4.89122208519373e-10
31689,7.693069033037697e-07
31690,2.7190725337924936e-07
31691,1.213241941011066e-08
31692,0.0
31693,0.0
31694,0.0
31695,0.0
31696,0.0
31697,0.0
31698,0.0
31699,0.0
31700,0.0
31701,7.630791163142572e-07
31702,7.6501765260502e-07
31703,7.693069033037697e-07
31704,0.0
31705,0.0
31706,4.480287945414571e-09
31707,4.89122208519373e-10
31708,0.0
31709,0.0
31710,0.0
31711,0.0
31712,0.0
31713,0.0
31714,0.0
31790,4.480287945414571e-09
31791,4.89122208519373e-10
31792,1.488743764339948e-10
31793,7.693069033037697e-07
31794,2.0349819377771206e-06
31795,0.0
31796,0.0
31797,0.0
31798,0.0
31799,0.0
31800,0.0
31801,0.0
31802,0.0
31803,0.0
31804,0.0
31805,0.0
31806,0.0
31807,0.0
31808,7.693069033037697e-07
31809,4.480287945414571e-09
31810,4.89122208519373e-10
31811,7.693069033037697e-07
31812,2.7190725337924936e-07
31813,0.0
31814,0.0
31815,0.0
31816,0.0
31817,0.0
31818,0.0
31819,0.0
31820,0.0
31821,0.0
31822,0.0
31823,0.0
31824,0.0
31825,0.0
31826,0.0
31827,0.0
31828,4.480287945414571e-09
31829,4.89122208519373e-10
31830,7.693069033037697e-07
31831,2.7190725337924936e-07
31832,1.213241941011066e-08
31833,0.0
31834,0.0
31835,0.0
31836,0.0
31837,0.0
31838,0.0
31839,0.0
31840,0.0
31841,0.0
31842,7.630791163142572e-07
31843,7.6501765260502e-07
31844,7.693069033037697e-07
31845,0.0
31846,0.0
31847,4.480287945414571e-09
31848,4.89122208519373e-10
31849,0.0
31850,0.0
31851,0.0
31852,0.0
31853,0.0
31854,0.0
31855,0.0
31962,4.480287945414571e-09
31963,4.24331671952517e-09
31964,4.24331671952517e-09
31965,0.0
31966,0.0
31967,0.0
31968,0.0
31969,0.0
31970,1.4964349054364303e-10
31971,0.0
31972,0.0
31973,1.1978469622710329e-08
31974,0.0
31975,0.0
31976,0.0
31977,0.0
31978,0.0
31979,1.3040839187160118e-05
31980,1.2820507152358994e-05
31981,9.833778269763167e-07
31982,1.2287054819407123e-07
31983,0.0
31984,0.0
31985,1.1978469622710329e-08
31986,0.0
31987,0.0
31988,0.0
31989,0.0
31990,4.480287945414571e-09
31991,0.0
31992,0.0
31993,1.1978469622710329e-08
31994,0.0
31995,0.0
31996,0.0
31997,0.0
31998,0.0
31999,0.0
32000,0.0
32001,0.0
32002,0.0
32003,1.1978469622710329e-08
32004,1.1978469622710329e-08
32005,0.0
32006,0.0
32007,0.0
32008,0.0
32009,4.480287945414571e-09
32010,1.1978469622710329e-08
32011,0.0
32012,0.0
32013,0.0
32014,2.646071529803712e-09
32015,0.0
32016,1.1978469622710329e-08
32017,0.0
32018,1.1978469622710329e-08
32019,6.735265525787275e-10
32020,0.0
32021,2.217393941269373e-08
32022,0.0
32023,1.1978469622710329e-08
32024,0.0
32025,2.18515016921365e-08
32026,0.0
32027,1.1978469622710329e-08
32028,4.934371463408915e-07
32029,0.0
32030,4.934371463408915e-07
32031,2.61376667488853e-07
32032,4.3394094030482125e-09
32033,4.480287945414571e-09
32034,0.0
32035,0.0
32036,1.1978469622710329e-08
32037,1.1978469622710329e-08
32038,2.646071529803712e-09
32039,0.0
32040,2.217393941269373e-08
32041,2.18515016921365e-08
32042,0.0
32043,2.2099279423402788e-09
32044,5.0394654134743507e-11
32045,0.0
32046,0.0
32047,4.480287945414571e-09
32048,0.0
32049,0.0
32050,0.0
32051,0.0
32052,0.0
32053,0.0
32054,0.0
32055,0.0
32056,0.0
32057,0.0
32058,0.0
32059,0.0
32060,0.0
32061,0.0
32062,0.0
32063,0.0
32064,0.0
32065,0.0
32066,4.480287945414571e-09
32067,4.89122208519373e-10
32068,2.18515016921365e-08
32069,0.0
32070,0.0
32071,0.0
32072,0.0
32073,1.1978469622710329e-08
32074,0.0
32075,0.0
32076,0.0
32077,2.2210611685931004e-09
32078,4.0532837709868e-09
32079,3.1983425819400825e-09
32080,2.2210611685931004e-09
32081,4.24331671952517e-09
32082,4.480287945414571e-09
32083,2.2706925375665736e-10
32084,0.0
32085,4.480287945414571e-09
32086,4.89122208519373e-10
32087,1.488743764339948e-10
32088,7.693069033037697e-07
32089,2.0349819377771206e-06
32090,0.0
32091,0.0
32092,0.0
32093,0.0
32094,0.0
32095,0.0
32096,0.0
32097,0.0
32098,0.0
32099,0.0
32100,0.0
32101,0.0
32102,0.0
32103,7.693069033037697e-07
32104,4.480287945414571e-09
32105,4.89122208519373e-10
32106,7.693069033037697e-07
32107,2.7190725337924936e-07
32108,0.0
32109,0.0
32110,0.0
32111,0.0
32112,0.0
32113,0.0
32114,0.0
32115,0.0
32116,0.0
32117,0.0
32118,0.0
32119,0.0
32120,0.0
32121,0.0
32122,0.0
32123,4.480287945414571e-09
32124,4.89122208519373e-10
32125,7.693069033037697e-07
32126,2.7190725337924936e-07
32127,1.213241941011066e-08
32128,0.0
32129,0.0
32130,0.0
32131,0.0
32132,0.0
32133,0.0
32134,0.0
32135,0.0
32136,0.0
32137,7.630791163142572e-07
32138,7.6501765260502e-07
32139,7.693069033037697e-07
32140,0.0
32141,0.0
32142,4.480287945414571e-09
32143,4.89122208519373e-10
32144,0.0
32145,0.0
32146,0.0
32147,0.0
32148,0.0
32149,0.0
32150,0.0
32214,3.3679972991758975e-05
32215,4.118646710215785e-08
32216,4.3213063218979465e-08
32217,5.826785224983428e-08
32218,6.044365849995083e-08
32219,7.035002562475581e-08
32220,5.026988969019578e-07
32221,5.048167713840803e-07
32222,5.048167713840803e-07
32223,5.047486777286078e-07
32224,5.046760406593508e-07
32225,4.937791363634084e-07
32226,4.877387700032675e-07
32227,1.0291821347773955e-07
32228,4.367950137948888e-09
32229,2.5152481655551205e-09
32230,1.7975483079248658e-09
32231,1.7975483079248658e-09
32232,6.470452163318808e-10
32233,5.4655723096968866e-11
32234,0.0
32235,0.0
32236,0.0
32237,1.5975392950570257e-09
32238,1.5975392950570257e-09
32239,1.5975392950570257e-09
32240,1.9906151465404275e-09
32241,1.9906151465404275e-09
32242,1.9906151465404275e-09
32243,2.3044146217467253e-09
32244,2.3044146217467253e-09
32245,2.704354926007816e-09
32246,3.0113919058464085e-08
32247,3.1819052447866896e-08
32248,3.1819052447866896e-08
32249,3.247640576300814e-08
32250,3.405203066041594e-08
32251,3.3900483824354895e-08
32252,4.339900475314835e-08
32253,4.339900475314835e-08
32254,4.308520527794205e-08
32255,4.284367626251969e-08
32256,4.284367626251969e-08
32257,1.417860250832325e-08
32258,1.1987549061308054e-08
32259,1.1873450515255495e-08
32260,1.1769684553043442e-08
32261,1.1769684553043442e-08
32262,0.0
32263,0.0
32264,0.0
32265,0.0
32266,0.0
32267,0.0
32268,0.0
32269,0.0
32270,2.3488822459653763e-05
32271,2.4339836828335625e-05
32272,3.460905413741006e-05
32273,3.460905413741006e-05
32274,6.052589212941833e-10
32275,2.8713822181460014e-05
32276,5.2084108335009046e-05
32277,9.545883808380679e-05
32278,2.755125263699457e-05
32279,1.2636209948671925e-06
32280,3.905998176812082e-06
32281,7.98439805422275e-07
32282,6.944168320154105e-07
32283,6.927739116743689e-07
32284,6.529852471788211e-07
32285,3.302637763370819e-08
32286,2.447567085706187e-09
32287,2.392643697982035e-09
32288,2.392643697982035e-09
32289,2.392643697982035e-09
32290,2.392643697982035e-09
32291,2.392643697982035e-09
32292,1.4483786395364588e-09
32293,0.0
32294,0.0
32295,0.0005105710935428878
32296,0.0005767084619659833
32297,0.005704807894065982
32298,0.005704770528243243
32299,0.005704768827966235
32300,0.0004105099101154915
32301,0.0003993922644091894
32302,0.00040630501059469454
32303,0.00040231021023382364
32304,1.6768202003480416e-05
32305,3.740614435550646e-06
32306,2.1571122889925707e-06
32307,2.1287097467124572e-06
32308,2.7151860794869656e-07
32309,3.2158164124434986e-07
32310,3.289008035787449e-07
32311,1.745724305833256e-06
32312,2.055506185629943e-06
32313,2.205644757849405e-06
32314,2.2208363037915083e-06
32315,2.258125261496447e-06
32316,2.258125261496447e-06
32317,2.258125261496447e-06
32318,2.258125261496447e-06
32319,2.258125261496447e-06
32320,1.1539403324578832e-06
32321,6.269207274712889e-07
32322,3.7818754276224315e-07
32323,9.647438157217585e-08
32324,4.93537331884225e-09
32325,3.2476169737810438e-09
32326,2.872467104898014e-09
32327,2.872467104898014e-09
32328,2.1970313111031314e-09
32329,1.5960526666422794e-10
32330,0.0
32331,0.0
32332,0.0
32333,0.0
32334,0.0
32335,0.0
32336,0.0
32337,0.0
32338,0.0
32339,0.0
32340,0.0
32341,0.0
32342,3.040898162717068e-05
32343,3.15957519326312e-05
32344,1.8973982854176194e-07
32345,6.030277220258096e-07
32346,0.0011380937842666817
32347,2.4496774643359912e-05
32348,2.762566474337815e-05
32349,0.00041125249742279997
32350,2.5983477411486966e-07
32351,1.025937304963387e-07
32352,1.8095809753277753e-08
32353,2.651633521118629e-07
32354,1.0922801693887945e-06
32355,9.836777950486723e-08
32356,2.6015008518237244e-08
32357,1.056328844495503e-05
32358,2.4506812472606462e-08
32359,2.8792014057724685e-09
32360,4.741044460212108e-07
32361,1.0
32362,0.0003870505351894184
32363,3.4281298804957396e-08
32364,8.417826217266152e-10
32365,0.0
32366,0.0
32367,0.0
32368,0.0
32369,3.081220917024491e-10
32370,3.081220917024491e-10
32371,1.5322764681396056e-07
32372,5.803810517059947e-06
32373,3.3101695452048346e-05
32374,5.520889251525744e-06
32375,4.872999140452766e-06
32376,8.696427892234402e-09
32377,4.1061033039590075e-08
32378,4.5196997810922523e-07
32379,4.5501388055641794e-07
32380,8.92600407807402e-06
32381,0.0
32382,8.686900493482882e-08
32383,0.0
32384,1.5542353952330563e-09
32385,7.84517596134863e-09
32386,7.84517596134863e-09
32387,5.743662460505571e-09
32388,0.0
32389,0.0
32390,1.2666278877381023e-08
32391,7.478846709353715e-08
32392,5.387257477907497e-08
32393,2.1973198722997192e-08
32394,2.1152197712561553e-08
32395,1.0778282219373769e-08
32396,3.592055284240357e-07
32397,3.592336081724125e-07
32398,5.920479385386305e-08
32399,4.526727806259667e-06
32400,0.0
32401,0.0
32402,6.761804925103229e-10
32403,3.4017939787688645e-05
32404,1.091818099531075e-07
32405,1.8883715367594933e-05
32406,2.000542537144056e-05
32407,2.2437070534822276e-06
32408,1.4296617150384239e-08
32409,0.0
32410,9.791940355873477e-08
32411,1.8906894646660176e-07
32412,1.9599375735359972e-07
32413,2.0736359597486326e-05
32414,0.003208940191722425
32415,2.5252004823618397e-07
32416,1.2741044331790954e-08
32417,1.0462808341542717e-08
32418,0.0
32419,7.088105997494671e-10
32420,0.01271885908139326
32421,2.94916998942237e-06
32422,2.9500969539319834e-06
32423,1.8207592778935431e-07
32424,2.7490219721136952e-08
32425,3.7373238429613716e-10
32426,0.0
32427,6.052589212941833e-10
32428,1.281999290942709e-09
32429,6.767403696485259e-10
32430,1.7712404855397615e-07
32431,1.7598761747166412e-09
32432,0.0
32433,0.0
32434,0.0
32435,0.0
32436,0.0
32437,0.0
32438,0.0
32439,2.5252004823618397e-07
32440,2.5252004823618397e-07
32441,8.080122470038777e-05
32442,1.0189765284649194e-07
32443,8.384720669407878e-06
32444,6.397104080816623e-10
32445,8.08216461924997e-08
32446,2.86238427354902e-07
32447,2.716806080794723e-07
32448,6.120529976477364e-08
32449,5.8112102812458006e-08
32450,6.7159714686896235e-09
32451,1.7940752305449442e-07
32452,1.514861919885695e-08
32453,6.880637282040524e-07
32454,3.246402202261922e-10
32455,0.0
32456,0.0
32457,0.0
32458,0.0
32459,4.728070212123126e-10
32460,4.728070212123126e-10
32461,4.728070212123126e-10
32462,8.710111131791856e-10
32463,1.8628201670127952e-07
32464,3.536167853392346e-06
32465,0.00010858609198734883
32466,8.230124466735967e-06
32467,0.0
32468,0.0
32469,5.72873296255508e-09
32470,0.00044723616420365886
32471,0.00015660492030240491
32472,2.043338120995267e-06
32473,0.00011526266938552869
32474,2.9873123011417934e-07
32475,8.845188565533417e-08
32476,9.083583635620981e-10
32477,3.6967609170635786e-10
32478,0.0
32479,1.3078921081768e-05
32480,2.058320373280053e-08
32481,6.554735026629235e-09
32482,2.1180195892666665e-10
32483,0.0
32484,0.0
32485,0.0
32486,0.0
32487,0.0
32488,0.0
32489,1.2394027075882358e-08
32490,1.4143644183967738e-06
32491,2.3266997341467947e-08
32492,1.1259857761655876e-08
32493,6.535112793302568e-08
32494,6.931872697185364e-08
32495,1.1359066553742535e-07
32496,5.306620756786601e-08
32497,5.1933494555718376e-08
32498,0.0009816819549367023
32499,3.596053319017207e-05
32500,0.0
32501,1.826060464845501e-08
32502,0.0
32503,0.0
32504,3.34433842991621e-07
32505,0.0
32506,0.0027087842041079815
32507,3.334546049240378e-08
32508,3.394928228829282e-05
32509,9.527466051293392e-09
32510,0.0
32511,2.635304086566233e-06
32512,1.1623549669229138e-05
32513,1.523820595436816e-09
32514,0.0
32515,4.675828102812165e-05
32516,5.299178651566734e-09
32517,0.0
32518,2.9224228923472514e-05
32519,3.1592539826080063e-06
32520,0.0
32521,2.767736231651057e-08
32522,1.6661693626389192e-07
32523,0.0
32524,4.463636183729289e-08
32525,1.7110215997843545e-08
32526,6.355167745449416e-05
32527,1.410807354436043e-06
32528,4.154998637506393e-08
32529,1.058961480979143e-08
32530,0.00016789472711961403
32531,3.957793498739165e-09
32532,0.0
32533,0.0
32534,2.5252004823618397e-07
32535,0.00021466201281444228
32536,7.456152300012634e-06
32537,6.328934393586463e-09
32538,3.7471238873930116e-08
32539,3.6891615520898134e-08
32540,2.4093348374110517e-09
32541,9.704337109745337e-06
32542,3.669396591897401e-08
32543,4.098257695315728e-09
32544,0.0
32545,0.0
32546,1.1519614908602971e-07
32547,1.152691468747957e-07
32548,7.088105997494671e-10
32549,7.088105997494671e-10
32550,8.962408346699726e-09
32551,2.730578231386515e-07
32552,6.094327145390994e-07
32553,8.044035148398451e-06
32554,2.528784457700575e-06
32555,9.187107115319408e-05
32556,2.8169433980679e-08
32557,1.2028924290731972e-05
32558,0.001438432339132271
32559,0.0014522537793125359
32560,1.675481504015118e-05
32561,1.187735232770353e-06
32562,0.0
32563,1.7173123192473928e-08
32564,8.098286477733802e-08
32565,4.38463287307275e-09
32566,2.6026073818841846e-08
32567,6.102964071063813e-08
32568,1.2559475796092394e-07
32569,4.526652030549278e-06
32570,4.750652843195625e-06
32571,2.6896270718072547e-09
32572,0.0
32573,0.0
32574,0.0
32575,0.0
32576,5.083827588970963e-09
32577,6.239803434115975e-10
32578,0.0
32579,0.0
32580,0.0
32581,3.2948427371872026e-05
32582,0.0
32583,0.0
32584,8.70303618990497e-09
32585,4.368520127405942e-06
32586,0.0
32587,5.728806277106485e-07
32588,0.0010268039816507834
32589,0.0
32590,5.5781324208578265e-05
32591,0.0
32592,3.710593157170335e-08
32593,9.527612557831061e-07
32594,9.073445617370381e-05
32595,7.107374302398998e-08
32596,0.0
32597,5.979318573035705e-09
32598,1.364182380040774e-06
32599,1.2886992259260197e-06
32600,5.7231579349361784e-08
32601,5.913498804117021e-06
32602,6.899063564743093e-08
32603,7.942834885623515e-08
32604,1.8224408938799705e-08
32605,4.6305922268842074e-07
32606,3.653955079030368e-08
32607,2.108329769272989e-09
32608,0.0
32609,4.579488811982057e-08
32610,2.1340342418660554e-07
32611,6.866441692989636e-09
32612,5.059684792482698e-07
32613,6.275239339147593e-08
32614,9.065487297277496e-06
32615,7.858641258093093e-08
32616,7.869182747789597e-06
32617,1.817902638236479e-08
32618,0.0
32619,2.2883101227503388e-09
32620,8.3433484256739e-08
32621,1.013039927079385e-07
32622,3.606879579481795e-10
32623,2.421912061836226e-09
32624,0.0
32625,1.3221594346880875e-09
32626,7.057480189855181e-08
32627,4.878747648052709e-05
32628,0.005827061461304067
32629,1.875842511300002e-05
32630,2.6119852616490946e-07
32631,2.953284515723998e-05
32632,3.159779907435245e-05
32633,4.160890418648429e-08
32634,4.2182224773684446e-08
32635,9.521896849149616e-09
32636,0.0006756506818786013
32637,5.614390977814658e-09
32638,0.0
32639,0.0
32640,0.0
32641,1.9475577219901422e-08
32642,0.0
32643,9.022225755691604e-09
32644,3.2704852385871364e-06
32645,0.0
32646,9.451089316248169e-10
32647,0.0
32648,0.0
32649,2.5252004823618397e-07
32650,8.038947918772625e-05
32651,5.662554538932346e-05
32652,4.8282865033020735e-08
32653,1.5700046027943896e-10
32654,4.436128978612656e-08
32655,4.436128978612656e-08
32656,4.436128978612656e-08
32657,4.436128978612656e-08
32658,4.436128978612656e-08
32659,4.436128978612656e-08
32660,4.436128978612656e-08
32661,4.436128978612656e-08
32662,4.436128978612656e-08
32663,7.057480189855181e-08
32664,7.057480189855181e-08
32665,7.057480189855181e-08
32666,3.8288666710077505e-07
32667,3.8288666710077505e-07
32668,3.8288666710077505e-07
32669,1.42501283205437e-06
32670,1.42501283205437e-06
32671,1.42501283205437e-06
32672,1.4642412610571275e-06
32673,1.4642412610571275e-06
32674,1.4642412610571275e-06
32675,1.652474996476368e-06
32676,1.652474996476368e-06
32677,1.5322764681396056e-07
32678,1.5322764681396056e-07
32679,1.5322764681396056e-07
32680,1.5315291713365335e-06
32681,1.5315291713365335e-06
32682,1.5315291713365335e-06
32683,1.8575900255316497e-06
32684,1.8575900255316497e-06
32685,1.8575900255316497e-06
32686,1.8646719790140627e-06
32687,1.8646719790140627e-06
32688,1.8646719790140627e-06
32689,1.8758560610004884e-06
32690,1.8758560610004884e-06
32691,1.8758560610004884e-06
32692,5.795242981745249e-06
32693,5.795242981745249e-06
32694,5.795242981745249e-06
32695,5.803810517059947e-06
32696,5.803810517059947e-06
32697,5.803810517059947e-06
32698,5.844980074104309e-06
32699,5.844980074104309e-06
32700,5.844980074104309e-06
32701,6.062879032362504e-06
32702,6.062879032362504e-06
32703,6.062879032362504e-06
32704,3.3101695452048346e-05
32705,3.3101695452048346e-05
32706,3.3101695452048346e-05
32707,2.1152197712561553e-08
32708,2.1152197712561553e-08
32709,2.1152197712561553e-08
32710,2.1152197712561553e-08
32711,2.1152197712561553e-08
32712,2.1152197712561553e-08
32713,2.1152197712561553e-08
32714,2.1152197712561553e-08
32715,2.1152197712561553e-08
32716,1.617372714427138e-08
32717,1.617372714427138e-08
32718,1.617372714427138e-08
32719,1.0778282219373769e-08
32720,1.0778282219373769e-08
32721,1.0778282219373769e-08
32722,1.0778282219373769e-08
32723,1.0778282219373769e-08
32724,1.0778282219373769e-08
32725,2.097188714100846e-09
32726,2.097188714100846e-09
32727,2.097188714100846e-09
32728,3.592055284240357e-07
32729,3.592055284240357e-07
32730,3.592055284240357e-07
32731,2.5252004823618397e-07
32732,0.0011380937842666817
32733,0.0011380937842666817
32734,0.0011380937842666817
32735,1.4874690280677055e-05
32736,1.4874690280677055e-05
32737,1.4874690280677055e-05
32738,3.378623098320964e-05
32739,3.378623098320964e-05
32740,3.378623098320964e-05
32741,3.3679972991758975e-05
32742,3.3679972991758975e-05
32743,3.3679972991758975e-05
32744,3.498354155269135e-07
32745,3.498354155269135e-07
32746,3.498354155269135e-07
32747,4.2329420912151254e-07
32748,4.2329420912151254e-07
32749,4.2329420912151254e-07
32750,6.906590703375498e-07
32751,6.906590703375498e-07
32752,5.4655723096968866e-11
32753,5.4655723096968866e-11
32754,5.4655723096968866e-11
32755,0.0
32756,0.0
32757,0.0
32758,0.0
32759,0.0
32760,0.0
32761,0.0
32762,0.0
32763,0.0
32764,1.5975392950570257e-09
32765,1.5975392950570257e-09
32766,1.5975392950570257e-09
32767,1.5975392950570257e-09
32768,1.5975392950570257e-09
32769,1.5975392950570257e-09
32770,1.5975392950570257e-09
32771,1.5975392950570257e-09
32772,1.5975392950570257e-09
32773,1.9906151465404275e-09
32774,1.9906151465404275e-09
32775,1.9906151465404275e-09
32776,1.9906151465404275e-09
32777,1.9906151465404275e-09
32778,1.9906151465404275e-09
32779,1.9906151465404275e-09
32780,1.9906151465404275e-09
32781,1.9906151465404275e-09
32782,2.3044146217467253e-09
32783,2.3044146217467253e-09
32784,2.3044146217467253e-09
32785,2.3044146217467253e-09
32786,2.3044146217467253e-09
32787,2.3044146217467253e-09
32788,0.003208940191722425
32789,0.003208940191722425
32790,0.003208940191722425
32791,0.03962346695218752
32792,0.03962346695218752
32793,0.03962346695218752
32794,0.2562877930751629
32795,0.2562877930751629
32796,0.2562877930751629
32797,0.01271885908139326
32798,0.01271885908139326
32799,0.01271885908139326
32800,0.004428510684861992
32801,0.004428510684861992
32802,0.004428510684861992
32803,2.9494685511484106e-06
32804,2.9494685511484106e-06
32805,2.9494685511484106e-06
32806,2.94916998942237e-06
32807,2.94916998942237e-06
32808,2.94916998942237e-06
32809,2.5252004823618397e-07
32810,2.5252004823618397e-07
32811,2.5252004823618397e-07
32812,2.5252004823618397e-07
32813,2.5252004823618397e-07
32814,2.5252004823618397e-07
32815,2.5252004823618397e-07
32816,2.5252004823618397e-07
32817,2.5252004823618397e-07
32818,2.5252004823618397e-07
32819,2.5252004823618397e-07
32820,2.5252004823618397e-07
32821,2.5252004823618397e-07
32822,2.5252004823618397e-07
32823,2.5252004823618397e-07
32824,2.5252004823618397e-07
32825,2.5252004823618397e-07
32826,2.5252004823618397e-07
32827,2.5252004823618397e-07
32828,2.5252004823618397e-07
32829,2.5252004823618397e-07
32830,2.5252004823618397e-07
32831,2.5252004823618397e-07
32832,2.5252004823618397e-07
32833,2.5252004823618397e-07
32834,6.571469965733434e-08
32835,6.571469965733434e-08
32836,6.571469965733434e-08
32837,8.080122470038777e-05
32838,8.080122470038777e-05
32839,8.080122470038777e-05
32840,2.6767502390220787e-06
32841,2.6767502390220787e-06
32842,2.6767502390220787e-06
32843,9.281696863797567e-08
32844,9.281696863797567e-08
32845,9.281696863797567e-08
32846,1.2741044331790954e-08
32847,1.2741044331790954e-08
32848,1.2741044331790954e-08
32849,1.1690416535307668e-08
32850,1.1690416535307668e-08
32851,1.1690416535307668e-08
32852,1.0418640350437842e-08
32853,1.0418640350437842e-08
32854,1.0418640350437842e-08
32855,1.0462808341542717e-08
32856,1.0462808341542717e-08
32857,1.0462808341542717e-08
32858,1.0373859008241237e-08
32859,1.0373859008241237e-08
32860,1.0373859008241237e-08
32861,1.0373859008241237e-08
32862,1.0373859008241237e-08
32863,1.0373859008241237e-08
32864,1.1389354411004807e-08
32865,1.1389354411004807e-08
32866,1.1389354411004807e-08
32867,3.510139414583589e-08
32868,3.510139414583589e-08
32869,3.510139414583589e-08
32870,1.0189765284649194e-07
32871,1.0189765284649194e-07
32872,1.0189765284649194e-07
32873,1.1101517798688401e-07
32874,1.1101517798688401e-07
32875,1.1101517798688401e-07
32876,2.055506185629943e-06
32877,2.055506185629943e-06
32878,2.055506185629943e-06
32879,2.205644757849405e-06
32880,2.205644757849405e-06
32881,2.205644757849405e-06
32882,2.2208363037915083e-06
32883,2.2208363037915083e-06
32884,2.2208363037915083e-06
32885,2.258125261496447e-06
32886,2.258125261496447e-06
32887,2.258125261496447e-06
32888,2.5252004823618397e-07
32889,1.2741044331790954e-08
32890,2.205644757849405e-06
32891,2.2208363037915083e-06
32892,1.0189765284649194e-07
32893,7.057480189855181e-08
32894,2.6767502390220787e-06
32895,9.281696863797567e-08
32896,1.0462808341542717e-08
32897,3.510139414583589e-08
32898,3.8288666710077505e-07
32899,1.1690416535307668e-08
32900,1.0418640350437842e-08
32901,2.055506185629943e-06
32902,2.205644757849405e-06
32903,7.057480189855181e-08
32904,3.8288666710077505e-07
32905,7.057480189855181e-08
32906,1.9906151465404275e-09
32907,2.5252004823618397e-07
32908,1.5975392950570257e-09
32909,3.592055284240357e-07
32910,0.01271885908139326
32911,5.795242981745249e-06
32912,5.844980074104309e-06
32913,1.0778282219373769e-08
32914,2.097188714100846e-09
32915,1.42501283205437e-06
32916,5.795242981745249e-06
32917,5.803810517059947e-06
32918,1.4642412610571275e-06
32919,1.652474996476368e-06
32920,9.281696863797567e-08
32921,1.1690416535307668e-08
32922,5.795242981745249e-06
32923,1.0778282219373769e-08
32924,0.0011380937842666817
32925,1.9906151465404275e-09
32926,2.5252004823618397e-07
32927,1.2741044331790954e-08
32928,6.470452163318808e-10
32929,1.9906151465404275e-09
32930,2.3044146217467253e-09
32931,2.258125261496447e-06
32932,2.258125261496447e-06
32933,1.1539403324578832e-06
32934,1.1539403324578832e-06
32935,3.7818754276224315e-07
32936,2.872467104898014e-09
32937,0.0
32938,7.057480189855181e-08
32939,3.8288666710077505e-07
32940,3.8288666710077505e-07
32941,1.1690416535307668e-08
32942,0.0011380937842666817
32943,7.057480189855181e-08
32944,5.795242981745249e-06
32945,5.803810517059947e-06
32946,4.609487251494025e-08
32947,4.609487251494025e-08
32948,8.661562073170892e-08
32949,3.7524731722478095e-10
32950,4.336288151181943e-10
32951,4.4909526587949347e-07
32952,1.0920226037070485e-06
32953,8.429648689602366e-07
32954,2.8958575446394983e-06
32955,0.0
32956,8.253597746950259e-09
32957,0.0
32958,7.057480189855181e-08
32959,1.4698239596122253e-06
32960,0.0
32961,0.0
32962,0.0
32963,0.0
32964,0.0
32965,0.0
32966,3.834103708440977e-10
32967,5.465606653524902e-10
32968,5.85499170464742e-10
32969,1.8578620625731053e-08
32970,1.267925155553631e-09
32971,1.7537881572402416e-09
32972,0.0
32973,7.057480189855181e-08
32974,0.0
32975,0.0
32976,1.7170873996336211e-09
32977,4.481946318985586e-05
32978,0.0
32979,0.0
32980,7.339614664911384e-10
32981,1.0515017967018192e-08
32982,2.4348244341125362e-06
32983,1.807890504398637e-08
32984,1.1900539235420149e-08
32985,5.053178576241299e-08
32986,3.005455690016713e-10
32987,0.0
32988,7.057480189855181e-08
32989,5.872560280329468e-08
32990,5.527098667433514e-08
32991,8.711244443663249e-10
32992,2.421912061836226e-09
32993,0.0002601754009543337
32994,0.0002601754009543337
32995,0.0
32996,1.912034917949665e-09
32997,0.0
32998,1.5700046027943896e-10
32999,1.1496013408200405e-06
33000,4.892039378060564e-07
33001,0.0
33002,4.880752491659558e-09
33003,8.131290402498554e-09
33004,7.057480189855181e-08
33005,1.2089117394167343e-07
33006,6.781456677821659e-08
33007,6.091470631085256e-06
33008,2.90547672922512e-08
33009,0.0
33010,3.854763553712098e-08
33011,0.0
33012,0.0
33013,2.0830444389764174e-08
33014,1.3469066081106566e-07
33015,0.0
33016,0.0
33017,0.0
33018,0.0
33019,7.057480189855181e-08
33020,0.0
33021,0.0
33022,0.0
33023,0.0
33024,0.0
33025,0.0
33026,2.7714193063672788e-08
33027,1.7174876577318688e-08
33028,1.257630333826503e-08
33029,8.593415413114498e-10
33030,4.5105307093683523e-10
33031,6.80020893580704e-10
33032,3.996797554685924e-08
33033,2.469872379095731e-10
33034,7.057480189855181e-08
33035,1.4319982025852505e-09
33036,0.0
33037,0.0
33038,0.0
33039,2.4842790453033505e-09
33040,2.559063669065359e-07
33041,2.502099358870368e-07
33042,0.0
33043,0.0
33044,5.983347802491778e-07
33045,2.6299772311711785e-06
33046,3.252741858219832e-06
33047,2.9006375901274954e-06
33048,3.1559795158989805e-10
33049,7.057480189855181e-08
33050,3.953148919062301e-07
33051,0.0
33052,1.1459363266970856e-06
33053,1.0543464757743146e-09
33054,3.1968249506952047e-08
33055,0.0
33056,9.604736302620355e-08
33057,6.250212282664824e-09
33058,6.250212282664824e-09
33059,6.355351979616504e-09
33060,7.261675237110695e-09
33061,3.1307950367874925e-07
33062,3.1307950367874925e-07
33063,1.4554999241630026e-07
33064,7.057480189855181e-08
33065,7.233555951358264e-09
33066,6.172003720888121e-07
33067,2.401663791570576e-06
33068,1.0515648110685606e-05
33069,5.4716430169897805e-06
33070,1.7110222106843684e-06
33071,0.0
33072,0.0
33073,0.0
33074,0.0
33075,1.251227275616006e-07
33076,0.00022195357574603488
33077,0.0
33078,2.944852187852897e-09
33079,7.057480189855181e-08
33080,0.0
33081,0.0
33082,0.0
33083,0.0
33084,0.0
33085,0.0
33086,1.217090993310715e-08
33087,0.0
33088,1.583269803676145e-10
33089,5.5117517377653626e-11
33090,7.81417432207955e-10
33091,7.81417432207955e-10
33092,7.81417432207955e-10
33093,1.267925155553631e-09
33094,7.057480189855181e-08
33095,0.0
33096,0.0
33097,0.0
33098,0.0
33099,0.0
33100,0.0
33101,1.6201891585016077e-08
33102,0.0
33103,0.0
33104,4.3290425054553434e-10
33105,1.7537881572402416e-09
33106,0.0
33107,9.768710425063902e-09
33108,4.966764768293101e-08
33109,7.057480189855181e-08
33110,1.7537881572402416e-09
33111,1.2172499350083677e-09
33112,0.0001965680158745325
33113,1.5700046027943896e-10
33114,1.5700046027943896e-10
33115,0.0
33116,0.0
33117,0.0
33118,0.0
33119,6.790657728731356e-07
33120,3.9315062461223513e-08
33121,4.2182224773684446e-08
33122,7.996156080015983e-09
33123,2.7860147011159983e-08
33124,7.057480189855181e-08
33125,0.0011380937842666817
33126,6.781456677821659e-08
33127,6.781456677821659e-08
33128,2.7369417909300333e-08
33129,0.0
33130,0.0
33131,2.9126648654602335e-08
33132,6.242199065827994e-08
33133,8.253872485738815e-09
33134,0.0
33135,0.0
33136,0.0
33137,0.0
33138,2.791952963179128e-10
33139,2.469872379095731e-10
33140,7.057480189855181e-08
33141,0.0
33142,3.834103708440977e-10
33143,3.7332326889825064e-10
33144,0.0
33145,3.820220174968938e-09
33146,3.853261416018161e-08
33147,1.3513343811736385e-08
33148,8.710465281547545e-10
33149,0.0
33150,0.0
33151,3.699545777918032e-08
33152,7.057480189855181e-08
33153,0.0
33154,0.0
33155,4.464613185398134e-09
33156,0.0
33157,0.0
33158,2.791952963179128e-10
33159,0.0
33160,4.506142906979199e-10
33161,3.7432824699521005e-05
33162,7.6667300764576e-05
33163,0.0
33164,2.791952963179128e-10
33165,7.057480189855181e-08
33166,5.126368685769979e-05
33167,4.321612459188099e-05
33168,1.385240293556425e-07
33169,5.515630577024774e-07
33170,0.0011380874208031704
33171,5.844980074104309e-06
33172,0.0
33173,2.5252004823618397e-07
33174,2.5252004823618397e-07
33175,7.057480189855181e-08
33176,9.418747956570368e-08
33177,3.835424300904195e-08
33178,3.956037511933164e-07
33179,0.0
33180,3.961154333338367e-09
33181,1.2055449201753686e-07
33182,1.0253911682985332e-08
33183,0.0
33184,3.045839635963964e-07
33185,0.0
33186,0.0
33187,7.057480189855181e-08
33188,0.0
33189,6.156513064008796e-09
33190,1.6877854101180789e-07
33191,1.3815495626239064e-05
33192,9.157430627945577e-10
33193,7.330521891157633e-10
33194,2.1773368972569642e-07
33195,0.0012222012799874993
33196,3.8205228738855725e-06
33197,1.3555569432359457e-06
33198,7.023756160243606e-07
33199,7.057480189855181e-08
33200,5.827276339133818e-09
33201,8.598565390944389e-07
33202,1.1081250804343614e-07
33203,2.877127478613257e-07
33204,0.0
33205,5.990158847021959e-10
33206,0.0
33207,9.17186706551316e-08
33208,2.4300790926782836e-05
33209,2.4842790453033505e-09
33210,4.680322328242303e-07
33211,7.057480189855181e-08
33212,3.957708446568779e-09
33213,6.287866846297736e-10
33214,1.0927510477994671e-08
33215,0.0
33216,3.134889280490059e-07
33217,6.7316613067919336e-09
33218,0.0
33219,0.0
33220,0.0
33221,0.0
33222,0.0001709179319291064
33223,7.057480189855181e-08
33224,7.107374302398998e-08
33225,1.0835488563813659e-06
33226,1.3705818839759727e-08
33227,6.250212282664824e-09
33228,8.447577515175796e-08
33229,1.2320961396366754e-06
33230,0.0
33231,1.8372014206368816e-07
33232,0.004525968970669462
33233,0.0002880219439749846
33234,9.424686315187808e-10
33235,7.057480189855181e-08
33236,6.287866846297736e-10
33237,0.0
33238,0.0
33239,7.572586992859223e-07
33240,0.0
33241,6.1098812486639536e-09
33242,2.564796371010524e-09
33243,0.00047988221400034267
33244,0.0
33245,4.997288063910333e-08
33246,2.486829866505836e-06
33247,7.057480189855181e-08
33248,8.020381266728426e-07
33249,3.251970221227102e-06
33250,0.0
33251,0.0
33252,1.0543464757743146e-09
33253,6.376692428587228e-10
33254,0.0
33255,0.0
33256,2.6917145314510635e-09
33257,2.6917145314510635e-09
33258,3.340321450417909e-07
33259,0.0
33260,7.057480189855181e-08
33261,2.0376648498052694e-07
33262,6.766241050963663e-09
33263,6.766241050963663e-09
33264,1.8702571172805892e-09
33265,1.4744253834837946e-07
33266,1.6938605786785402e-06
33267,3.636561358648218e-09
33268,1.61732853092717e-08
33269,1.604685416899505e-08
33270,6.261776642312795e-09
33271,8.382157550445673e-09
33272,4.7637153342003564e-11
33273,7.057480189855181e-08
33274,5.917992019147331e-09
33275,2.238934033286198e-08
33276,9.662295254655934e-08
33277,9.638065432890675e-08
33278,0.0
33279,1.4739426719161762e-09
33280,0.0
33281,0.0
33282,9.872735923825858e-08
33283,9.872735923825858e-08
33284,9.872735923825858e-08
33285,7.057480189855181e-08
33286,0.0
33287,1.466041628978912e-06
33288,0.0
33289,9.077274094287966e-09
33290,8.661562073170892e-08
33291,6.555580533808181e-08
33292,0.0
33293,0.0
33294,0.0
33295,2.780351458877371e-07
33296,7.102159579113999e-07
33297,7.057480189855181e-08
33298,0.0
33299,1.1013595884851093e-09
33300,7.897410122053844e-07
33301,9.077274094287966e-09
33302,3.7332326889825064e-10
33303,5.858085413255495e-08
33304,0.0
33305,8.674555367085381e-08
33306,3.8288666710077505e-07
33307,0.0
33308,8.514977240518067e-08
33309,7.057480189855181e-08
33310,1.385240293556425e-07
33311,9.672717024965613e-08
33312,0.0
33313,1.1451838882374492e-08
33314,0.0
33315,0.0
33316,9.872735923825858e-08
33317,3.9142556889277406e-10
33318,7.96640551605899e-07
33319,4.368520127405942e-06
33320,5.844980074104309e-06
33321,7.057480189855181e-08
33322,3.834103708440977e-10
33323,0.0
33324,4.464613185398134e-09
33325,0.0
33326,8.710465281547545e-10
33327,0.0
33328,3.820220174968938e-09
33329,0.0
33330,1.3513343811736385e-08
33331,3.7332326889825064e-10
33332,2.791952963179128e-10
33333,7.057480189855181e-08
33334,0.0
33335,0.0
33336,0.0
33337,0.0
33338,0.0
33339,0.0
33340,5.465606653524902e-10
33341,5.85499170464742e-10
33342,1.267925155553631e-09
33343,1.7537881572402416e-09
33344,0.0
33345,7.057480189855181e-08
33346,2.90547672922512e-08
33347,0.0
33348,0.0
33349,1.3469066081106566e-07
33350,0.0
33351,0.0
33352,8.593415413114498e-10
33353,4.5105307093683523e-10
33354,6.80020893580704e-10
33355,3.996797554685924e-08
33356,2.469872379095731e-10
33357,7.057480189855181e-08
33358,4.7461766891963326e-07
33359,4.368520127405942e-06
33360,0.0
33361,0.0
33362,0.0
33363,0.0
33364,0.0
33365,0.0
33366,2.7714193063672788e-08
33367,1.7174876577318688e-08
33368,1.257630333826503e-08
33369,7.057480189855181e-08
33370,0.0
33371,7.339614664911384e-10
33372,2.4348244341125362e-06
33373,1.807890504398637e-08
33374,5.053178576241299e-08
33375,1.5700046027943896e-10
33376,1.1496013408200405e-06
33377,0.0
33378,6.781456677821659e-08
33379,6.091470631085256e-06
33380,8.131290402498554e-09
33381,7.057480189855181e-08
33382,2.6481558485383063e-07
33383,1.473542293649478e-06
33384,4.3672794037268445e-06
33385,6.287866846297736e-10
33386,0.0
33387,7.572586992859223e-07
33388,0.0
33389,2.564796371010524e-09
33390,0.00047988221400034267
33391,0.0
33392,2.486829866505836e-06
33393,7.057480189855181e-08
33394,0.0
33395,0.0
33396,2.4842790453033505e-09
33397,2.559063669065359e-07
33398,2.502099358870368e-07
33399,3.953148919062301e-07
33400,0.0
33401,0.0
33402,0.0
33403,3.252741858219832e-06
33404,3.1559795158989805e-10
33405,7.057480189855181e-08
33406,6.250212282664824e-09
33407,3.1307950367874925e-07
33408,1.4554999241630026e-07
33409,5.4716430169897805e-06
33410,0.0
33411,0.0
33412,0.00022195357574603488
33413,2.944852187852897e-09
33414,1.217090993310715e-08
33415,7.81417432207955e-10
33416,1.267925155553631e-09
33417,7.057480189855181e-08
33418,0.0
33419,0.0
33420,0.0
33421,3.9315062461223513e-08
33422,7.996156080015983e-09
33423,6.242199065827994e-08
33424,2.7860147011159983e-08
33425,0.0
33426,0.0
33427,2.791952963179128e-10
33428,2.469872379095731e-10
33429,7.057480189855181e-08
33430,6.766241050963663e-09
33431,1.8702571172805892e-09
33432,3.636561358648218e-09
33433,1.61732853092717e-08
33434,1.604685416899505e-08
33435,6.261776642312795e-09
33436,8.382157550445673e-09
33437,2.238934033286198e-08
33438,9.638065432890675e-08
33439,0.0
33440,4.7637153342003564e-11
33441,7.057480189855181e-08
33442,9.662295254655934e-08
33443,0.0
33444,0.0
33445,9.872735923825858e-08
33446,1.466041628978912e-06
33447,6.555580533808181e-08
33448,0.0
33449,0.0
33450,0.0
33451,2.780351458877371e-07
33452,7.102159579113999e-07
33453,7.057480189855181e-08
33454,1.945633693314417e-08
33455,6.3875100322355585e-09
33456,9.662295254655934e-08
33457,4.7637153342003564e-11
33458,4.7637153342003564e-11
33459,1.1451838882374492e-08
33460,1.1451838882374492e-08
33461,0.0
33462,0.0
33463,7.90148167662785e-05
33464,0.0
33465,0.0
33466,8.90019675110201e-10
33467,4.311382029873076e-09
33468,7.057480189855181e-08
33469,3.2512835044553366e-07
33470,0.0
33471,0.0
33472,5.21744217781456e-10
33473,0.0
33474,0.0
33475,0.0
33476,0.0
33477,3.259578953246813e-10
33478,2.9170457659607215e-09
33479,2.1035883688119232e-06
33480,3.000971926078197e-08
33481,0.0
33482,2.791952963179128e-10
33483,7.057480189855181e-08
33484,0.0
33485,3.251970221227102e-06
33486,0.0
33487,6.376692428587228e-10
33488,0.0
33489,0.0
33490,6.250212282664824e-09
33491,6.7316613067919336e-09
33492,1.2320961396366754e-06
33493,0.0
33494,1.8372014206368816e-07
33495,0.0
33496,0.0
33497,0.0
33498,7.057480189855181e-08
33499,0.0
33500,3.961154333338367e-09
33501,0.0
33502,3.956037511933164e-07
33503,9.418747956570368e-08
33504,3.8205228738855725e-06
33505,2.1773368972569642e-07
33506,9.157430627945577e-10
33507,6.156513064008796e-09
33508,0.0
33509,2.4300790926782836e-05
33510,9.17186706551316e-08
33511,5.990158847021959e-10
33512,2.877127478613257e-07
33513,2.5252004823618397e-07
33514,1.2741044331790954e-08
33515,2.205644757849405e-06
33516,2.2208363037915083e-06
33517,1.0189765284649194e-07
33518,7.057480189855181e-08
33519,2.6767502390220787e-06
33520,9.281696863797567e-08
33521,1.0462808341542717e-08
33522,3.510139414583589e-08
33523,3.8288666710077505e-07
33524,1.1690416535307668e-08
33525,1.0418640350437842e-08
33526,2.055506185629943e-06
33527,2.205644757849405e-06
33528,7.057480189855181e-08
33529,3.8288666710077505e-07
33530,7.057480189855181e-08
33531,1.9906151465404275e-09
33532,2.5252004823618397e-07
33533,1.5975392950570257e-09
33534,3.592055284240357e-07
33535,0.01271885908139326
33536,5.795242981745249e-06
33537,5.844980074104309e-06
33538,1.0778282219373769e-08
33539,2.097188714100846e-09
33540,1.42501283205437e-06
33541,5.795242981745249e-06
33542,5.803810517059947e-06
33543,1.4642412610571275e-06
33544,1.652474996476368e-06
33545,9.281696863797567e-08
33546,1.1690416535307668e-08
33547,5.795242981745249e-06
33548,1.0778282219373769e-08
33549,0.0011380937842666817
33550,2.5252004823618397e-07
33551,1.2741044331790954e-08
33552,7.057480189855181e-08
33553,5.844980074104309e-06
33554,2.097188714100846e-09
33555,3.8288666710077505e-07
33556,1.42501283205437e-06
33557,1.1690416535307668e-08
33558,2.055506185629943e-06
33559,2.205644757849405e-06
33560,7.057480189855181e-08
33561,3.8288666710077505e-07
33562,1.4642412610571275e-06
33563,7.057480189855181e-08
33564,0.0011380937842666817
33565,0.0
33566,2.704354926007816e-09
33567,2.5252004823618397e-07
33568,1.9906151465404275e-09
33569,2.5152481655551205e-09
33570,1.5975392950570257e-09
33571,1.5975392950570257e-09
33572,1.1539403324578832e-06
33573,3.7818754276224315e-07
33574,7.057480189855181e-08
33575,5.844980074104309e-06
33576,3.8288666710077505e-07
33577,1.42501283205437e-06
33578,0.0011380937842666817
33579,1.9906151465404275e-09
33580,2.5252004823618397e-07
33581,1.2741044331790954e-08
33582,6.470452163318808e-10
33583,1.9906151465404275e-09
33584,2.3044146217467253e-09
33585,2.258125261496447e-06
33586,2.258125261496447e-06
33587,1.1539403324578832e-06
33588,1.1539403324578832e-06
33589,3.7818754276224315e-07
33590,2.872467104898014e-09
33591,2.872467104898014e-09
33592,0.0
33593,7.057480189855181e-08
33594,3.8288666710077505e-07
33595,3.8288666710077505e-07
33596,1.1690416535307668e-08
33597,0.0011380937842666817
33598,0.0
33599,7.156951146414135e-06
33600,1.7524640472124717e-08
33601,1.4744253834837946e-07
33602,1.0664564211373143e-08
33603,0.0
33604,0.0
33605,0.0
33606,1.0111173268475642e-08
33607,1.2170918123918735e-05
33608,0.0
33609,1.1441957294302281e-09
33610,7.468336600353462e-09
33611,3.882133382159054e-09
33612,1.1593464220116668e-08
33613,6.250176038192409e-07
33614,0.0
33615,1.1013595884851093e-09
33616,7.897410122053844e-07
33617,0.0
33618,0.0
33619,1.1451838882374492e-08
33620,0.0
33621,0.0
33622,0.0
33623,7.490457285845623e-09
33624,0.0
33625,9.862561301815774e-08
33626,9.872735923825858e-08
33627,7.2008756859385354e-09
33628,2.002877796481478e-10
33629,3.9142556889277406e-10
33630,2.88208808016871e-05
33631,7.425261766193099e-09
33632,0.0
33633,5.044303532446134e-10
33634,7.057480189855181e-08
33635,1.028573070849754e-05
33636,1.7110215997843545e-08
33637,2.1793008913114995e-07
33638,0.0
33639,4.236273724790686e-09
33640,4.368520127405942e-06
33641,1.022047020295877e-09
33642,0.0
33643,4.848044484115711e-10
33644,5.541839458236017e-09
33645,7.057480189855181e-08
33646,0.00012710669143171376
33647,0.0
33648,3.6039991719273446e-06
33649,9.077274094287966e-09
33650,0.00011043052381033434
33651,0.0
33652,9.889253391475893e-08
33653,0.0
33654,5.858085413255495e-08
33655,0.0
33656,0.0
33657,3.8288666710077505e-07
33658,7.057480189855181e-08
33659,1.42501283205437e-06
33660,0.0
33661,0.0
33662,0.0
33663,0.0
33664,1.3411812393898888e-06
33665,8.514977240518067e-08
33666,0.005487964266327138
33667,0.0
33668,0.0
33669,7.495326151081541e-07
33670,0.0
33671,5.710251737824845e-08
33672,6.300322366956827e-07
33673,7.057480189855181e-08
33674,2.791952963179128e-10
33675,5.478266662290522e-07
33676,1.6764212242601105e-06
33677,7.143578606022615e-07
33678,1.3837815761668866e-05
33679,3.074606740603331e-06
33680,6.37467831481053e-05
33681,0.0
33682,0.0
33683,4.547362423990322e-07
33684,7.767887438434065e-09
33685,5.6002887694088765e-05
33686,6.670235087253254e-09
33687,6.862086425149822e-08
33688,7.057480189855181e-08
33689,8.674555367085381e-08
33690,8.822928397081205e-08
33691,6.06193199807257e-08
33692,2.7243516385013e-05
33693,2.9207597390250483e-06
33694,6.217248341133697e-08
33695,0.0
33696,0.0
33697,0.0
33698,0.0
33699,0.0
33700,4.728070212123126e-10
33701,0.0
33702,0.00013766023926669457
33703,7.057480189855181e-08
33704,1.583547710941399e-08
33705,0.0
33706,4.980942103382772e-09
33707,4.8332461104693694e-09
33708,2.872467104898014e-09
33709,1.7498076434998412e-08
33710,4.4080997233564325e-06
33711,7.379082171753912e-09
33712,1.567140710954852e-07
33713,1.4128608097050134e-08
33714,8.962408346699726e-09
33715,8.962408346699726e-09
33716,2.4523842836560908e-08
33717,2.4417394434183437e-08
33718,0.0
33719,7.057480189855181e-08
33720,8.674555367085381e-08
33721,9.077274094287966e-09
33722,5.858085413255495e-08
33723,0.0
33724,0.0
33725,3.8288666710077505e-07
33726,1.42501283205437e-06
33727,0.0
33728,0.0
33729,0.0
33730,8.514977240518067e-08
33731,1.3837815761668866e-05
33732,7.057480189855181e-08
33733,1.2170918123918735e-05
33734,0.0
33735,7.156951146414135e-06
33736,1.0664564211373143e-08
33737,7.468336600353462e-09
33738,0.0
33739,1.0111173268475642e-08
33740,1.1013595884851093e-09
33741,7.897410122053844e-07
33742,0.0
33743,7.057480189855181e-08
33744,5.844980074104309e-06
33745,1.385240293556425e-07
33746,1.4128608097050134e-08
33747,2.4523842836560908e-08
33748,0.0
33749,0.0
33750,1.1451838882374492e-08
33751,0.0
33752,0.0
33753,9.872735923825858e-08
33754,3.9142556889277406e-10
33755,4.368520127405942e-06
33756,7.057480189855181e-08
33757,0.000918963983260151
33758,1.945633693314417e-08
33759,1.945633693314417e-08
33760,7.427448081903138e-09
33761,6.918498298552131e-09
33762,4.381174516947261e-09
33763,4.202650479757704e-08
33764,1.6938077514531683e-08
33765,1.658344880688092e-08
33766,1.576928916705193e-08
33767,0.0
33768,0.0
33769,0.0
33770,0.0
33771,7.057480189855181e-08
33772,0.0
33773,6.766241050963663e-09
33774,6.910648305192678e-10
33775,3.165311205278077e-10
33776,1.6940903002883537e-06
33777,1.6940903002883537e-06
33778,1.6938605786785402e-06
33779,6.331624363076678e-08
33780,7.427448081903138e-09
33781,1.046673539637719e-08
33782,1.046673539637719e-08
33783,3.882133382159054e-09
33784,4.627945712152392e-09
33785,1.604685416899505e-08
33786,7.057480189855181e-08
33787,0.0009342562569876676
33788,0.0
33789,0.0
33790,4.116721907889938e-09
33791,5.8630384728706606e-08
33792,1.9662499299567337e-09
33793,1.1556695964493374e-08
33794,1.6940903002883537e-06
33795,7.427448081903138e-09
33796,1.0305865846479148e-08
33797,8.515014364316039e-09
33798,3.882133382159054e-09
33799,6.3875100322355585e-09
33800,0.0
33801,1.1451838882374492e-08
33802,7.057480189855181e-08
33803,0.0
33804,2.4118356050891942e-08
33805,9.835196826458929e-08
33806,9.662295254655934e-08
33807,9.662295254655934e-08
33808,1.4739426719161762e-09
33809,5.827276339133818e-09
33810,5.827276339133818e-09
33811,4.7637153342003564e-11
33812,4.7637153342003564e-11
33813,0.0
33814,0.0
33815,1.1451838882374492e-08
33816,1.1451838882374492e-08
33817,7.057480189855181e-08
33818,0.0
33819,0.0
33820,0.0
33821,9.872735923825858e-08
33822,9.872735923825858e-08
33823,0.0
33824,0.0
33825,6.043725409070095e-09
33826,1.1944839335038348e-09
33827,1.1944839335038348e-09
33828,9.872735923825858e-08
33829,0.0
33830,1.5740873139151348e-07
33831,0.0
33832,9.872735923825858e-08
33833,9.872735923825858e-08
33834,7.057480189855181e-08
33835,0.0
33836,0.0
33837,0.0
33838,3.2512835044553366e-07
33839,7.90148167662785e-05
33840,0.0
33841,8.90019675110201e-10
33842,0.0
33843,0.0
33844,0.0
33845,4.311382029873076e-09
33846,2.791952963179128e-10
33847,0.0
33848,0.0
33849,7.057480189855181e-08
33850,3.000971926078197e-08
33851,0.0
33852,0.0
33853,0.0
33854,2.9170457659607215e-09
33855,2.1035883688119232e-06
33856,0.0
33857,0.0
33858,3.259578953246813e-10
33859,0.0
33860,5.21744217781456e-10
33861,0.0
33862,2.4062112094141182e-09
33863,0.0
33864,7.057480189855181e-08
33865,5.795242981745249e-06
33866,5.803810517059947e-06
33867,4.609487251494025e-08
33868,4.609487251494025e-08
33869,8.661562073170892e-08
33870,3.7524731722478095e-10
33871,4.336288151181943e-10
33872,4.4909526587949347e-07
33873,1.0920226037070485e-06
33874,8.429648689602366e-07
33875,2.8958575446394983e-06
33876,0.0
33877,8.253597746950259e-09
33878,0.0
33879,7.057480189855181e-08
33880,1.4698239596122253e-06
33881,0.0
33882,0.0
33883,0.0
33884,0.0
33885,0.0
33886,0.0
33887,3.834103708440977e-10
33888,5.465606653524902e-10
33889,5.85499170464742e-10
33890,1.8578620625731053e-08
33891,1.267925155553631e-09
33892,1.7537881572402416e-09
33893,0.0
33894,7.057480189855181e-08
33895,0.0
33896,0.0
33897,1.7170873996336211e-09
33898,4.481946318985586e-05
33899,0.0
33900,0.0
33901,7.339614664911384e-10
33902,1.0515017967018192e-08
33903,2.4348244341125362e-06
33904,1.807890504398637e-08
33905,1.1900539235420149e-08
33906,5.053178576241299e-08
33907,3.005455690016713e-10
33908,0.0
33909,7.057480189855181e-08
33910,5.872560280329468e-08
33911,5.527098667433514e-08
33912,8.711244443663249e-10
33913,2.421912061836226e-09
33914,0.0002601754009543337
33915,0.0
33916,1.912034917949665e-09
33917,0.0
33918,1.5700046027943896e-10
33919,1.1496013408200405e-06
33920,4.892039378060564e-07
33921,0.0
33922,4.880752491659558e-09
33923,8.131290402498554e-09
33924,7.057480189855181e-08
33925,1.2089117394167343e-07
33926,6.781456677821659e-08
33927,6.091470631085256e-06
33928,2.90547672922512e-08
33929,0.0
33930,3.854763553712098e-08
33931,0.0
33932,0.0
33933,2.0830444389764174e-08
33934,1.3469066081106566e-07
33935,0.0
33936,0.0
33937,0.0
33938,0.0
33939,7.057480189855181e-08
33940,0.0
33941,0.0
33942,0.0
33943,0.0
33944,0.0
33945,0.0
33946,2.7714193063672788e-08
33947,1.7174876577318688e-08
33948,1.257630333826503e-08
33949,8.593415413114498e-10
33950,4.5105307093683523e-10
33951,6.80020893580704e-10
33952,3.996797554685924e-08
33953,2.469872379095731e-10
33954,7.057480189855181e-08
33955,1.4319982025852505e-09
33956,0.0
33957,0.0
33958,0.0
33959,2.4842790453033505e-09
33960,2.559063669065359e-07
33961,2.502099358870368e-07
33962,0.0
33963,0.0
33964,5.983347802491778e-07
33965,2.6299772311711785e-06
33966,3.252741858219832e-06
33967,2.9006375901274954e-06
33968,3.1559795158989805e-10
33969,7.057480189855181e-08
33970,3.953148919062301e-07
33971,0.0
33972,1.1459363266970856e-06
33973,1.0543464757743146e-09
33974,3.1968249506952047e-08
33975,0.0
33976,9.604736302620355e-08
33977,6.250212282664824e-09
33978,6.250212282664824e-09
33979,6.355351979616504e-09
33980,7.261675237110695e-09
33981,3.1307950367874925e-07
33982,3.1307950367874925e-07
33983,1.4554999241630026e-07
33984,7.057480189855181e-08
33985,7.233555951358264e-09
33986,6.172003720888121e-07
33987,2.401663791570576e-06
33988,1.0515648110685606e-05
33989,5.4716430169897805e-06
33990,1.7110222106843684e-06
33991,0.0
33992,0.0
33993,0.0
33994,0.0
33995,1.251227275616006e-07
33996,0.00022195357574603488
33997,0.0
33998,2.944852187852897e-09
33999,7.057480189855181e-08
34000,0.0
34001,0.0
34002,0.0
34003,0.0
34004,0.0
34005,0.0
34006,1.217090993310715e-08
34007,0.0
34008,1.583269803676145e-10
34009,5.5117517377653626e-11
34010,7.81417432207955e-10
34011,7.81417432207955e-10
34012,7.81417432207955e-10
34013,1.267925155553631e-09
34014,7.057480189855181e-08
34015,0.0
34016,0.0
34017,0.0
34018,0.0
34019,0.0
34020,0.0
34021,1.6201891585016077e-08
34022,0.0
34023,0.0
34024,4.3290425054553434e-10
34025,1.7537881572402416e-09
34026,0.0
34027,9.768710425063902e-09
34028,4.966764768293101e-08
34029,7.057480189855181e-08
34030,1.7537881572402416e-09
34031,1.2172499350083677e-09
34032,0.0001965680158745325
34033,1.5700046027943896e-10
34034,1.5700046027943896e-10
34035,0.0
34036,0.0
34037,0.0
34038,0.0
34039,6.790657728731356e-07
34040,3.9315062461223513e-08
34041,4.2182224773684446e-08
34042,7.996156080015983e-09
34043,2.7860147011159983e-08
34044,7.057480189855181e-08
34045,0.0011380937842666817
34046,6.781456677821659e-08
34047,2.7369417909300333e-08
34048,0.0
34049,0.0
34050,2.9126648654602335e-08
34051,6.242199065827994e-08
34052,8.253872485738815e-09
34053,0.0
34054,0.0
34055,0.0
34056,0.0
34057,2.791952963179128e-10
34058,2.469872379095731e-10
34059,7.057480189855181e-08
34060,0.0
34061,3.834103708440977e-10
34062,3.7332326889825064e-10
34063,0.0
34064,3.820220174968938e-09
34065,3.853261416018161e-08
34066,1.3513343811736385e-08
34067,8.710465281547545e-10
34068,0.0
34069,0.0
34070,3.699545777918032e-08
34071,7.057480189855181e-08
34072,0.0
34073,0.0
34074,4.464613185398134e-09
34075,0.0
34076,0.0
34077,2.791952963179128e-10
34078,0.0
34079,4.506142906979199e-10
34080,3.7432824699521005e-05
34081,7.6667300764576e-05
34082,0.0
34083,2.791952963179128e-10
34084,7.057480189855181e-08
34085,5.126368685769979e-05
34086,4.321612459188099e-05
34087,1.385240293556425e-07
34088,5.515630577024774e-07
34089,0.0011380874208031704
34090,5.844980074104309e-06
34091,0.0
34092,2.5252004823618397e-07
34093,2.5252004823618397e-07
34094,7.057480189855181e-08
34095,9.418747956570368e-08
34096,3.835424300904195e-08
34097,3.956037511933164e-07
34098,0.0
34099,3.961154333338367e-09
34100,1.2055449201753686e-07
34101,1.0253911682985332e-08
34102,0.0
34103,3.045839635963964e-07
34104,0.0
34105,0.0
34106,7.057480189855181e-08
34107,0.0
34108,6.156513064008796e-09
34109,1.6877854101180789e-07
34110,1.3815495626239064e-05
34111,9.157430627945577e-10
34112,7.330521891157633e-10
34113,2.1773368972569642e-07
34114,0.0012222012799874993
34115,3.8205228738855725e-06
34116,1.3555569432359457e-06
34117,7.023756160243606e-07
34118,7.057480189855181e-08
34119,5.827276339133818e-09
34120,8.598565390944389e-07
34121,1.1081250804343614e-07
34122,2.877127478613257e-07
34123,0.0
34124,5.990158847021959e-10
34125,0.0
34126,9.17186706551316e-08
34127,2.4300790926782836e-05
34128,2.4842790453033505e-09
34129,4.680322328242303e-07
34130,7.057480189855181e-08
34131,3.957708446568779e-09
34132,6.287866846297736e-10
34133,1.0927510477994671e-08
34134,0.0
34135,3.134889280490059e-07
34136,6.7316613067919336e-09
34137,0.0
34138,0.0
34139,0.0
34140,0.0
34141,0.0001709179319291064
34142,7.057480189855181e-08
34143,7.107374302398998e-08
34144,1.0835488563813659e-06
34145,1.3705818839759727e-08
34146,6.250212282664824e-09
34147,8.447577515175796e-08
34148,1.2320961396366754e-06
34149,0.0
34150,1.8372014206368816e-07
34151,0.004525968970669462
34152,0.0002880219439749846
34153,9.424686315187808e-10
34154,7.057480189855181e-08
34155,6.287866846297736e-10
34156,0.0
34157,0.0
34158,7.572586992859223e-07
34159,0.0
34160,6.1098812486639536e-09
34161,2.564796371010524e-09
34162,0.00047988221400034267
34163,0.0
34164,4.997288063910333e-08
34165,2.486829866505836e-06
34166,7.057480189855181e-08
34167,8.020381266728426e-07
34168,3.251970221227102e-06
34169,0.0
34170,0.0
34171,1.0543464757743146e-09
34172,6.376692428587228e-10
34173,0.0
34174,0.0
34175,2.6917145314510635e-09
34176,3.340321450417909e-07
34177,0.0
34178,7.057480189855181e-08
34179,2.0376648498052694e-07
34180,6.766241050963663e-09
34181,1.8702571172805892e-09
34182,1.4744253834837946e-07
34183,1.6938605786785402e-06
34184,3.636561358648218e-09
34185,1.61732853092717e-08
34186,1.604685416899505e-08
34187,6.261776642312795e-09
34188,8.382157550445673e-09
34189,4.7637153342003564e-11
34190,7.057480189855181e-08
34191,5.917992019147331e-09
34192,2.238934033286198e-08
34193,9.662295254655934e-08
34194,9.638065432890675e-08
34195,0.0
34196,1.4739426719161762e-09
34197,0.0
34198,0.0
34199,9.872735923825858e-08
34200,9.872735923825858e-08
34201,9.872735923825858e-08
34202,7.057480189855181e-08
34203,0.0
34204,1.466041628978912e-06
34205,0.0
34206,9.077274094287966e-09
34207,8.661562073170892e-08
34208,6.555580533808181e-08
34209,0.0
34210,0.0
34211,0.0
34212,2.780351458877371e-07
34213,7.102159579113999e-07
34214,7.057480189855181e-08
34215,0.0
34216,1.1013595884851093e-09
34217,7.897410122053844e-07
34218,9.077274094287966e-09
34219,3.7332326889825064e-10
34220,5.858085413255495e-08
34221,0.0
34222,8.674555367085381e-08
34223,3.8288666710077505e-07
34224,0.0
34225,8.514977240518067e-08
34226,7.057480189855181e-08
34227,1.385240293556425e-07
34228,9.672717024965613e-08
34229,0.0
34230,1.1451838882374492e-08
34231,0.0
34232,0.0
34233,9.872735923825858e-08
34234,3.9142556889277406e-10
34235,7.96640551605899e-07
34236,4.368520127405942e-06
34237,5.844980074104309e-06
34238,7.057480189855181e-08
34239,3.834103708440977e-10
34240,0.0
34241,4.464613185398134e-09
34242,0.0
34243,8.710465281547545e-10
34244,0.0
34245,3.820220174968938e-09
34246,0.0
34247,1.3513343811736385e-08
34248,3.7332326889825064e-10
34249,2.791952963179128e-10
34250,7.057480189855181e-08
34251,0.0
34252,0.0
34253,0.0
34254,0.0
34255,0.0
34256,0.0
34257,5.465606653524902e-10
34258,5.85499170464742e-10
34259,1.267925155553631e-09
34260,1.7537881572402416e-09
34261,0.0
34262,7.057480189855181e-08
34263,2.90547672922512e-08
34264,0.0
34265,0.0
34266,1.3469066081106566e-07
34267,0.0
34268,0.0
34269,8.593415413114498e-10
34270,4.5105307093683523e-10
34271,6.80020893580704e-10
34272,3.996797554685924e-08
34273,2.469872379095731e-10
34274,7.057480189855181e-08
34275,4.7461766891963326e-07
34276,4.368520127405942e-06
34277,0.0
34278,0.0
34279,0.0
34280,0.0
34281,0.0
34282,0.0
34283,2.7714193063672788e-08
34284,1.7174876577318688e-08
34285,1.257630333826503e-08
34286,7.057480189855181e-08
34287,0.0
34288,7.339614664911384e-10
34289,2.4348244341125362e-06
34290,1.807890504398637e-08
34291,5.053178576241299e-08
34292,1.5700046027943896e-10
34293,1.1496013408200405e-06
34294,0.0
34295,6.781456677821659e-08
34296,6.091470631085256e-06
34297,8.131290402498554e-09
34298,7.057480189855181e-08
34299,2.6481558485383063e-07
34300,1.473542293649478e-06
34301,4.3672794037268445e-06
34302,6.287866846297736e-10
34303,0.0
34304,7.572586992859223e-07
34305,0.0
34306,2.564796371010524e-09
34307,0.00047988221400034267
34308,0.0
34309,2.486829866505836e-06
34310,7.057480189855181e-08
34311,0.0
34312,0.0
34313,2.4842790453033505e-09
34314,2.559063669065359e-07
34315,2.502099358870368e-07
34316,3.953148919062301e-07
34317,0.0
34318,0.0
34319,0.0
34320,3.252741858219832e-06
34321,3.1559795158989805e-10
34322,7.057480189855181e-08
34323,6.250212282664824e-09
34324,3.1307950367874925e-07
34325,1.4554999241630026e-07
34326,5.4716430169897805e-06
34327,0.0
34328,0.0
34329,0.00022195357574603488
34330,2.944852187852897e-09
34331,1.217090993310715e-08
34332,7.81417432207955e-10
34333,1.267925155553631e-09
34334,7.057480189855181e-08
34335,0.0
34336,0.0
34337,0.0
34338,3.9315062461223513e-08
34339,7.996156080015983e-09
34340,6.242199065827994e-08
34341,2.7860147011159983e-08
34342,0.0
34343,0.0
34344,2.791952963179128e-10
34345,2.469872379095731e-10
34346,7.057480189855181e-08
34347,6.766241050963663e-09
34348,1.8702571172805892e-09
34349,3.636561358648218e-09
34350,1.61732853092717e-08
34351,1.604685416899505e-08
34352,6.261776642312795e-09
34353,8.382157550445673e-09
34354,2.238934033286198e-08
34355,9.638065432890675e-08
34356,0.0
34357,4.7637153342003564e-11
34358,7.057480189855181e-08
34359,9.662295254655934e-08
34360,0.0
34361,0.0
34362,9.872735923825858e-08
34363,1.466041628978912e-06
34364,6.555580533808181e-08
34365,0.0
34366,0.0
34367,0.0
34368,2.780351458877371e-07
34369,7.102159579113999e-07
34370,7.057480189855181e-08
34371,1.945633693314417e-08
34372,6.3875100322355585e-09
34373,9.662295254655934e-08
34374,4.7637153342003564e-11
34375,4.7637153342003564e-11
34376,1.1451838882374492e-08
34377,1.1451838882374492e-08
34378,0.0
34379,0.0
34380,7.90148167662785e-05
34381,0.0
34382,0.0
34383,8.90019675110201e-10
34384,4.311382029873076e-09
34385,7.057480189855181e-08
34386,3.2512835044553366e-07
34387,0.0
34388,0.0
34389,5.21744217781456e-10
34390,0.0
34391,0.0
34392,0.0
34393,0.0
34394,3.259578953246813e-10
34395,2.9170457659607215e-09
34396,2.1035883688119232e-06
34397,3.000971926078197e-08
34398,0.0
34399,2.791952963179128e-10
34400,7.057480189855181e-08
34401,0.0
34402,3.251970221227102e-06
34403,0.0
34404,6.376692428587228e-10
34405,0.0
34406,0.0
34407,6.250212282664824e-09
34408,6.7316613067919336e-09
34409,1.2320961396366754e-06
34410,0.0
34411,1.8372014206368816e-07
34412,0.0
34413,0.0
34414,0.0
34415,7.057480189855181e-08
34416,0.0
34417,3.961154333338367e-09
34418,0.0
34419,3.956037511933164e-07
34420,9.418747956570368e-08
34421,3.8205228738855725e-06
34422,2.1773368972569642e-07
34423,9.157430627945577e-10
34424,6.156513064008796e-09
34425,0.0
34426,2.4300790926782836e-05
34427,9.17186706551316e-08
34428,5.990158847021959e-10
34429,2.877127478613257e-07
34430,2.5252004823618397e-07
34431,1.2741044331790954e-08
34432,2.205644757849405e-06
34433,2.205644757849405e-06
34434,2.2208363037915083e-06
34435,1.0189765284649194e-07
34436,7.057480189855181e-08
34437,2.6767502390220787e-06
34438,9.281696863797567e-08
34439,1.0462808341542717e-08
34440,3.510139414583589e-08
34441,3.8288666710077505e-07
34442,1.1690416535307668e-08
34443,1.0418640350437842e-08
34444,2.055506185629943e-06
34445,2.205644757849405e-06
34446,2.205644757849405e-06
34447,7.057480189855181e-08
34448,3.8288666710077505e-07
34449,7.057480189855181e-08
34450,1.9906151465404275e-09
34451,2.5252004823618397e-07
34452,1.5975392950570257e-09
34453,3.592055284240357e-07
34454,0.01271885908139326
34455,5.795242981745249e-06
34456,5.844980074104309e-06
34457,1.0778282219373769e-08
34458,2.097188714100846e-09
34459,1.42501283205437e-06
34460,5.795242981745249e-06
34461,5.803810517059947e-06
34462,1.4642412610571275e-06
34463,1.652474996476368e-06
34464,9.281696863797567e-08
34465,1.1690416535307668e-08
34466,5.795242981745249e-06
34467,1.0778282219373769e-08
34468,1.0778282219373769e-08
34469,0.0011380937842666817
34470,1.9906151465404275e-09
34471,2.5252004823618397e-07
34472,1.2741044331790954e-08
34473,6.470452163318808e-10
34474,1.9906151465404275e-09
34475,2.3044146217467253e-09
34476,2.258125261496447e-06
34477,2.258125261496447e-06
34478,1.1539403324578832e-06
34479,1.1539403324578832e-06
34480,3.7818754276224315e-07
34481,2.872467104898014e-09
34482,0.0
34483,7.057480189855181e-08
34484,3.8288666710077505e-07
34485,3.8288666710077505e-07
34486,1.1690416535307668e-08
34487,0.0011380937842666817
34488,0.0
34489,7.156951146414135e-06
34490,1.7524640472124717e-08
34491,1.4744253834837946e-07
34492,1.0664564211373143e-08
34493,0.0
34494,0.0
34495,0.0
34496,1.0111173268475642e-08
34497,1.2170918123918735e-05
34498,0.0
34499,1.1441957294302281e-09
34500,7.468336600353462e-09
34501,3.882133382159054e-09
34502,1.1593464220116668e-08
34503,6.250176038192409e-07
34504,0.0
34505,1.1013595884851093e-09
34506,7.897410122053844e-07
34507,0.0
34508,0.0
34509,1.1451838882374492e-08
34510,0.0
34511,0.0
34512,0.0
34513,7.490457285845623e-09
34514,0.0
34515,9.862561301815774e-08
34516,9.872735923825858e-08
34517,7.2008756859385354e-09
34518,2.002877796481478e-10
34519,3.9142556889277406e-10
34520,2.88208808016871e-05
34521,7.425261766193099e-09
34522,0.0
34523,5.044303532446134e-10
34524,7.057480189855181e-08
34525,1.028573070849754e-05
34526,1.7110215997843545e-08
34527,2.1793008913114995e-07
34528,0.0
34529,4.236273724790686e-09
34530,4.368520127405942e-06
34531,1.022047020295877e-09
34532,0.0
34533,4.848044484115711e-10
34534,5.541839458236017e-09
34535,7.057480189855181e-08
34536,0.00012710669143171376
34537,0.0
34538,3.6039991719273446e-06
34539,9.077274094287966e-09
34540,0.00011043052381033434
34541,0.0
34542,9.889253391475893e-08
34543,0.0
34544,5.858085413255495e-08
34545,0.0
34546,0.0
34547,3.8288666710077505e-07
34548,7.057480189855181e-08
34549,1.42501283205437e-06
34550,0.0
34551,0.0
34552,0.0
34553,0.0
34554,1.3411812393898888e-06
34555,8.514977240518067e-08
34556,0.005487964266327138
34557,0.0
34558,0.0
34559,7.495326151081541e-07
34560,0.0
34561,5.710251737824845e-08
34562,6.300322366956827e-07
34563,7.057480189855181e-08
34564,2.791952963179128e-10
34565,5.478266662290522e-07
34566,1.6764212242601105e-06
34567,7.143578606022615e-07
34568,1.3837815761668866e-05
34569,3.074606740603331e-06
34570,6.37467831481053e-05
34571,0.0
34572,0.0
34573,4.547362423990322e-07
34574,7.767887438434065e-09
34575,5.6002887694088765e-05
34576,6.670235087253254e-09
34577,6.862086425149822e-08
34578,7.057480189855181e-08
34579,8.674555367085381e-08
34580,8.822928397081205e-08
34581,6.06193199807257e-08
34582,2.7243516385013e-05
34583,2.9207597390250483e-06
34584,6.217248341133697e-08
34585,0.0
34586,0.0
34587,0.0
34588,0.0
34589,0.0
34590,4.728070212123126e-10
34591,0.0
34592,0.00013766023926669457
34593,7.057480189855181e-08
34594,1.583547710941399e-08
34595,0.0
34596,4.980942103382772e-09
34597,4.8332461104693694e-09
34598,2.872467104898014e-09
34599,1.7498076434998412e-08
34600,4.4080997233564325e-06
34601,7.379082171753912e-09
34602,1.567140710954852e-07
34603,1.4128608097050134e-08
34604,8.962408346699726e-09
34605,2.4523842836560908e-08
34606,2.4417394434183437e-08
34607,0.0
34608,7.057480189855181e-08
34609,8.674555367085381e-08
34610,9.077274094287966e-09
34611,5.858085413255495e-08
34612,0.0
34613,0.0
34614,3.8288666710077505e-07
34615,1.42501283205437e-06
34616,0.0
34617,0.0
34618,0.0
34619,8.514977240518067e-08
34620,1.3837815761668866e-05
34621,7.057480189855181e-08
34622,1.2170918123918735e-05
34623,0.0
34624,7.156951146414135e-06
34625,1.0664564211373143e-08
34626,7.468336600353462e-09
34627,0.0
34628,1.0111173268475642e-08
34629,1.1013595884851093e-09
34630,7.897410122053844e-07
34631,0.0
34632,7.057480189855181e-08
34633,5.844980074104309e-06
34634,1.385240293556425e-07
34635,1.4128608097050134e-08
34636,2.4523842836560908e-08
34637,0.0
34638,0.0
34639,1.1451838882374492e-08
34640,0.0
34641,0.0
34642,9.872735923825858e-08
34643,3.9142556889277406e-10
34644,4.368520127405942e-06
34645,7.057480189855181e-08
34646,0.000918963983260151
34647,1.945633693314417e-08
34648,1.945633693314417e-08
34649,7.427448081903138e-09
34650,6.918498298552131e-09
34651,4.381174516947261e-09
34652,4.202650479757704e-08
34653,1.6938077514531683e-08
34654,1.658344880688092e-08
34655,1.576928916705193e-08
34656,0.0
34657,0.0
34658,0.0
34659,0.0
34660,7.057480189855181e-08
34661,0.0
34662,6.766241050963663e-09
34663,6.910648305192678e-10
34664,3.165311205278077e-10
34665,1.6940903002883537e-06
34666,1.6940903002883537e-06
34667,1.6938605786785402e-06
34668,6.331624363076678e-08
34669,7.427448081903138e-09
34670,1.046673539637719e-08
34671,1.046673539637719e-08
34672,3.882133382159054e-09
34673,4.627945712152392e-09
34674,1.604685416899505e-08
34675,7.057480189855181e-08
34676,0.0009342562569876676
34677,0.0
34678,4.116721907889938e-09
34679,5.8630384728706606e-08
34680,1.9662499299567337e-09
34681,1.1556695964493374e-08
34682,1.6940903002883537e-06
34683,7.427448081903138e-09
34684,1.0305865846479148e-08
34685,8.515014364316039e-09
34686,3.882133382159054e-09
34687,6.3875100322355585e-09
34688,0.0
34689,1.1451838882374492e-08
34690,7.057480189855181e-08
34691,0.0
34692,2.4118356050891942e-08
34693,9.835196826458929e-08
34694,9.662295254655934e-08
34695,9.662295254655934e-08
34696,1.4739426719161762e-09
34697,5.827276339133818e-09
34698,5.827276339133818e-09
34699,4.7637153342003564e-11
34700,4.7637153342003564e-11
34701,0.0
34702,0.0
34703,1.1451838882374492e-08
34704,1.1451838882374492e-08
34705,7.057480189855181e-08
34706,0.0
34707,0.0
34708,0.0
34709,9.872735923825858e-08
34710,0.0
34711,0.0
34712,6.043725409070095e-09
34713,1.1944839335038348e-09
34714,9.872735923825858e-08
34715,0.0
34716,1.5740873139151348e-07
34717,0.0
34718,9.872735923825858e-08
34719,9.872735923825858e-08
34720,7.057480189855181e-08
34721,0.0
34722,0.0
34723,0.0
34724,3.2512835044553366e-07
34725,7.90148167662785e-05
34726,0.0
34727,8.90019675110201e-10
34728,0.0
34729,0.0
34730,0.0
34731,4.311382029873076e-09
34732,2.791952963179128e-10
34733,0.0
34734,0.0
34735,7.057480189855181e-08
34736,3.000971926078197e-08
34737,0.0
34738,0.0
34739,0.0
34740,2.9170457659607215e-09
34741,2.1035883688119232e-06
34742,0.0
34743,0.0
34744,3.259578953246813e-10
34745,0.0
34746,5.21744217781456e-10
34747,0.0
34748,2.4062112094141182e-09
34749,0.0
927,0.10010402248948613
928,0.0
929,1.0
930,0.0
931,0.0
932,0.0
933,0.0
934,0.0
935,0.0
936,0.0
937,0.0
938,0.0
939,0.0
940,0.0
941,0.0
942,0.0
943,0.0
944,0.0
945,0.0
946,1.718312150851762e-06
947,2.394273713382791e-09
948,0.0
949,8.988745032946599e-10
950,0.0
951,5.966623401996585e-08
952,0.0
953,0.0
954,1.4397116053714876e-08
955,0.0
956,0.0
957,7.815635479650002e-08
958,3.502081489508174e-08
959,6.832349615626486e-09
960,0.0
961,0.0
962,0.0
963,4.290184550383629e-10
964,3.223617352043308e-08
965,1.2778040706382178e-08
966,0.0
967,0.0
968,0.0
969,0.0
970,0.0
971,0.0
972,0.0
973,0.0
974,1.693334738272346e-08
975,0.0
976,3.5049136920473094e-09
977,0.0
978,1.9325966631266655e-07
979,0.0
980,0.0
981,2.233308988418935e-08
982,5.727381044457506e-07
983,0.0
984,0.0
985,6.363421803757002e-08
986,0.0
987,0.0
988,0.0
989,0.0
990,0.0
991,0.0
992,1.3865818068894117e-07
993,4.2820214659036464e-08
994,0.0
995,0.0
996,1.0
997,0.0
998,1.7642448642453868e-08
999,1.0571080686136237e-05
1000,2.060408582223387e-08
1001,2.8258764415271606e-08
1002,5.3301771933373536e-08
1003,0.0
1004,7.615946954002523e-08
1005,0.0
1006,0.0
1007,0.0
1008,0.0
1009,0.0
1010,2.3306294767278067e-08
1011,0.0
1012,0.0
1013,2.1798825479346205e-08
1014,8.83603945719948e-07
1015,0.0
1016,0.0
1017,0.0
1018,0.0
1019,2.005786465308298e-06
1020,1.874246328940813e-08
1021,3.851319427481924e-06
1022,2.394273713382791e-09
1023,0.0
1024,8.988745032946599e-10
1025,0.0
1026,5.5035925123714016e-08
1027,2.442300758349397e-07
1028,3.1413731593746245e-09
1029,5.754228037500055e-07
1030,0.0
1031,0.0
1032,7.815635479650002e-08
1033,3.920210313140522e-06
1034,0.0
1035,0.0
1036,1.6438765903278855e-09
1037,0.0
1038,3.223617352043308e-08
1039,2.1230698739607002e-09
1040,0.0
1041,0.0
1042,0.0
1043,0.0
1044,0.0
1045,0.0
1046,0.0
1047,2.5776259264409688e-09
1048,0.0
1049,0.0
1050,2.523592990550829e-09
1051,0.0
1052,0.0
1053,0.0
1054,2.110198458263799e-09
1055,0.0
1056,0.0
1057,0.0
1058,0.0
1059,0.0
1060,0.0
1061,0.0
1062,0.0
1063,0.0
1064,0.0
1065,2.267015246566832e-09
1066,1.064142906644951e-08
1067,1.6493418515249187e-08
1068,1.2002194188841935e-08
1069,0.0
1070,1.6516797989745783e-06
1071,1.720252935844181e-09
1072,1.936329747799365e-08
1073,0.0
1074,4.4988481576885106e-08
1075,0.0
1076,1.7256153682380196e-08
1077,0.0
1078,1.8092164126225975e-08
1079,0.0
1080,0.0
1081,0.0
1082,0.0
1083,0.0
1084,0.0
1085,3.8602767172050945e-09
1086,2.1894102463196973e-07
1087,2.1798825479346205e-08
1088,0.0
1089,0.0
1090,0.0
1091,0.0
1092,1.8406260416071185e-09
1093,0.0
1094,8.60520501199309e-06
1095,9.445284290375976e-06
1096,2.394273713382791e-09
1097,0.0
1098,8.988745032946599e-10
1099,0.0
1100,6.435885079129475e-08
1101,2.442300758349397e-07
1102,7.82627758513629e-08
1103,1.2728226592946154e-08
1104,0.0
1105,1.6819103446191856e-08
1106,2.0021773862497856e-09
1107,4.164397798524307e-09
1108,4.0716110587322826e-08
1109,0.0
1110,2.274437005759041e-09
1111,3.458566775168446e-08
1112,0.0
1113,0.0
1114,0.0
1115,0.0
1116,0.0
1117,0.0
1118,0.0
1119,0.0
1120,0.0
1121,7.192255380117937e-10
1122,7.628730259412387e-10
1123,0.0
1124,2.523592990550829e-09
1125,2.1417633827751234e-08
1126,0.0
1127,6.263553370650504e-05
1128,0.0
1129,0.0
1130,0.0
1131,0.0
1132,1.6332167863951037e-09
1133,0.0
1134,0.0
1135,0.0
1136,0.0
1137,0.0
1138,0.0
1139,4.874322471255984e-09
1140,0.0
1141,0.0
1142,4.430596257616744e-09
1143,2.42732517022899e-10
1144,4.310261467965445e-08
1145,5.912463804556461e-06
1146,5.185637074029159e-06
1147,0.0
1148,0.0
1149,1.0689703559810012e-08
1150,1.455834846815682e-09
1151,0.0
1152,1.5775432043559938e-09
1153,0.0
1154,0.0
1155,4.666198371978963e-08
1156,0.0
1157,0.0
1158,0.0
1159,0.0
1160,0.0
1161,1.830722926162886e-08
1162,0.0
1163,0.0
1164,0.0
1165,0.0
1166,1.7418703629853025e-08
1167,0.0
1168,5.2379507383188566e-06
1169,2.845230196635856e-07
1170,2.394273713382791e-09
1171,3.6264956297567595e-10
1172,8.988745032946599e-10
1173,0.0
1174,0.0
1175,2.102034861463147e-08
1176,1.1985059830902019e-08
1177,9.002392469997628e-09
1178,0.0
1179,6.152740939076738e-08
1180,5.567559054844598e-07
1181,0.0
1182,0.0
1183,1.5667348452783565e-07
1184,1.1051114214946405e-07
1185,0.0
1186,0.0
1187,3.458566775168446e-08
1188,0.0
1189,0.0
1190,0.0
1191,2.4667497242045987e-09
1192,0.0
1193,0.0
1194,0.0
1195,0.0
1196,0.0
1197,0.0
1198,0.0
1199,0.0
1200,0.0
1201,6.8071187066449e-08
1202,0.0
1203,0.0
1204,0.0
1205,0.0
1206,0.0
1207,0.0
1208,1.0386732345157209e-08
1209,0.0
1210,0.0
1211,1.8985035403763126e-09
1212,1.8867914090515085e-08
1213,0.0
1214,0.0
1215,4.533510311788584e-09
1216,0.0
1217,0.0
1218,0.0
1219,0.0
1220,0.005875992201031875
1221,0.0
1222,1.0543895547050256e-08
1223,0.0
1224,0.0
1225,0.0
1226,0.0
1227,3.166416586733382e-09
1228,1.0959303314377091e-06
1229,0.0
1230,0.0
1231,8.907104629556655e-10
1232,6.269425224497671e-09
1233,4.19954953190942e-08
1234,0.0
1235,0.0
1236,0.0
1237,0.0
1238,0.0
1239,0.0
1240,5.939811255886025e-07
1241,0.0
1242,0.0
1243,1.8418359311757026e-05
1244,3.1040845153797076e-08
1245,1.09878062791978e-09
1246,8.988745032946599e-10
1247,0.0
1248,4.046828431408191e-09
1249,3.978336002362084e-08
1250,1.5725543310743064e-09
1251,1.165870122897754e-08
1252,6.118210535182683e-08
1253,0.0
1254,8.12080323507104e-08
1255,1.0736097581933093e-07
1256,4.11496290622082e-09
1257,0.0
1258,0.0
1259,0.0
1260,6.956723704900747e-09
1261,3.458566775168446e-08
1262,8.581269424581868e-09
1263,4.713080704755434e-10
1264,0.0
1265,0.0
1266,0.0
1267,0.0
1268,1.9934308939742094e-08
1269,0.0
1270,0.0
1271,0.0
1272,8.929006859261546e-09
1273,0.0
1274,0.0
1275,0.0
1276,0.0
1277,0.0
1278,0.0
1279,0.0
1280,0.0
1281,0.0
1282,0.0
1283,0.0
1284,0.0
1285,0.0
1286,0.0
1287,2.6465720512943496e-08
1288,0.0
1289,3.405701831862072e-09
1290,6.167300400828663e-08
1291,4.231491296248833e-10
1292,0.0
1293,0.0
1294,8.379427872130847e-09
1295,0.0002586648431556403
1296,0.0
1297,2.359682878227097e-09
1298,0.0
1299,0.0
1300,0.0
1301,0.0
1302,0.0
1303,0.0
1304,0.0
1305,0.0
1306,2.9055831745393658e-05
1307,0.0
1308,0.0
1309,0.0
1310,0.0
1311,1.292650747913786e-07
1312,0.0
1313,0.0
1314,0.0
1315,0.0
1316,0.0
1317,0.0
1318,0.0
1319,0.0
1320,4.556685937238173e-09
1321,5.626612391156078e-10
1322,8.974490431533706e-07
1323,1.09878062791978e-09
1324,8.988745032946599e-10
1325,0.0
1326,6.208026715626177e-09
1327,1.1401442894959207e-09
1328,1.5725543310743064e-09
1329,1.165870122897754e-08
1330,0.0
1331,0.0
1332,7.815635479650002e-08
1333,3.194449418891178e-09
1334,0.0
1335,2.2126349089697318e-07
1336,0.0
1337,0.0
1338,1.8353820946404582e-08
1339,3.223617352043308e-08
1340,1.3419380716420263e-08
1341,4.713080704755434e-10
1342,0.0
1343,0.0
1344,0.0
1345,0.0
1346,1.4794308174493554e-08
1347,0.0
1348,0.0
1349,1.5039006839738405e-07
1350,0.0
1351,0.0
1352,0.0
1353,0.0
1354,1.5210612718322146e-10
1355,0.0
1356,4.5515125258550446e-08
1357,0.0
1358,1.5120946862347033e-09
1359,0.0
1360,0.0
1361,0.0
1362,0.0
1363,0.0
1364,0.0
1365,0.0
1366,0.0
1367,0.0002952539945175901
1368,9.354492839902963e-09
1369,0.0
1370,0.0
1371,0.0
1372,4.634243290935772e-06
1373,2.6073166447232255e-07
1374,1.0475931019260677e-06
1375,0.0
1376,0.0
1377,0.0
1378,6.502570965319766e-10
1379,0.0
1380,0.0
1381,0.0
1382,0.0
1383,2.83142655844079e-08
1384,0.0
1385,0.0
1386,4.840197734674483e-09
1387,3.073334618817837e-08
1388,0.0
1389,0.0
1390,0.0
1391,0.0
1392,0.0
1393,0.0
1394,0.0
1395,0.0
1396,0.0
1397,2.1826593694939754e-09
1398,1.740390637925467e-09
1399,0.0
1400,0.0
1401,1.2954930854630113e-09
1402,2.394273713382791e-09
1403,2.394273713382791e-09
1404,2.394273713382791e-09
1405,2.394273713382791e-09
1406,1.09878062791978e-09
1407,5.626612391156078e-10
1408,0.0
1409,8.439044793032585e-09
1410,1.5667266774143004e-07
1411,1.6155332001354685e-07
1412,4.627895299036585e-06
1413,3.098001475513969e-06
1414,0.009196822111980429
1415,0.00020105992579079598
1416,1.3047265614442442e-05
1417,1.6528059012729672e-06
1418,2.904719259254907e-06
1419,4.118907162293244e-06
1420,5.880914479938561e-06
1421,2.8808044774972385e-05
1422,1.2396405935106389e-05
1423,6.813192216591018e-07
1424,0.005849907064365503
1425,0.2414342360949397
1426,0.0064275097966557835
1427,0.011389183814948136
1428,4.796604079975787e-06
1429,1.203739394863851e-06
1430,2.7949208905826097e-07
1431,3.597686300663497e-08
1432,3.964640096338082e-08
1433,6.591551683361435e-07
1434,1.6096643361887127e-09
1435,0.0
1436,0.0
1437,0.0
1438,0.0
1439,0.0
1440,0.0
1441,3.315315022492009e-08
1442,1.290315065981188e-07
1443,4.2707775538909025e-06
1444,5.37221165082268e-06
1445,1.173297896293954e-06
1446,8.471193325522921e-09
1447,1.3411548089937358e-09
1448,0.0
1449,0.0
1450,0.0
1451,0.0
1452,0.0
1453,0.0
1454,1.874246328940813e-08
1455,8.852317691447986e-09
1456,3.326883570214865e-06
1457,9.327971792502682e-06
1458,9.327714837963393e-06
1459,1.0276404375129078e-05
1460,4.2957940045821605e-08
1461,1.5537001983734555e-06
1462,1.8354363156068318e-05
1463,2.898590344017545e-05
1464,5.318428312721196e-10
1465,2.4491273288109322e-08
1466,3.8271677549951616e-07
1467,1.702899627169965e-06
1468,2.8557802324642157e-06
1469,1.665720988391442e-05
1470,8.66170158968567e-07
1471,3.712239593815028e-06
1472,2.296449795628902e-07
1473,8.42438323896903e-07
1474,9.660721676221918e-06
1475,9.63474082416895e-06
1476,1.5187062012939323e-05
1477,0.0
1478,2.5305707370382364e-05
1479,1.4268920025066407e-07
1480,6.319256286022464e-07
1481,6.160641241814569e-07
1482,3.1040845153797076e-08
1483,2.1808517692797266e-08
1484,0.0
1485,2.408180914685759e-08
1486,8.974490431533706e-07
1487,4.840886844626528e-07
1488,2.394273713382791e-09
1489,2.394273713382791e-09
1490,2.394273713382791e-09
1491,2.394273713382791e-09
1492,1.09878062791978e-09
1493,0.0
1494,0.0
1495,0.0
1496,0.0
1497,0.0
1498,0.0
1499,8.988745032946599e-10
1500,8.988745032946599e-10
1501,8.988745032946599e-10
1502,8.988745032946599e-10
1503,8.988745032946599e-10
1504,8.988745032946599e-10
1505,8.988745032946599e-10
1506,8.988745032946599e-10
1507,4.43731766193989e-10
1508,0.0
1509,0.0
1510,0.0
1511,0.0
1512,0.0
1513,0.0
1514,0.0
1515,0.0
1516,0.0
1517,0.0
1518,0.0
1519,0.0
1520,0.0
1521,0.0
1522,0.0
1523,0.0
1524,0.0
1525,0.0
1526,6.208026715626177e-09
1527,6.208026715626177e-09
1528,5.5035925123714016e-08
1529,2.710697104176524e-07
1530,2.0809934243528466e-05
1531,2.1511116776505808e-05
1532,5.205338294050999e-06
1533,2.594090099304834e-06
1534,9.946868898985763e-07
1535,6.435885079129475e-08
1536,2.3426439164792825e-09
1537,1.0525823289747207e-09
1538,0.0
1539,2.1698456933321894e-08
1540,3.781777964467005e-08
1541,3.781777964467005e-08
1542,4.981880921749347e-08
1543,4.53954693011617e-08
1544,3.978336002362084e-08
1545,2.96575179293985e-08
1546,2.994891953197299e-08
1547,2.9140160257449025e-10
1548,2.9140160257449025e-10
1549,2.9140160257449025e-10
1550,3.322803658989896e-09
1551,3.322803658989896e-09
1552,2.579571649027211e-09
1553,0.0
1554,2.1826593694939754e-09
1555,0.0
1556,0.0
1557,2.7133385193606532e-08
1558,2.442300758349397e-07
1559,2.442300758349397e-07
1560,2.442300758349397e-07
1561,2.442300758349397e-07
1562,5.774258729319039e-08
1563,2.102034861463147e-08
1564,1.5725543310743064e-09
1565,1.5725543310743064e-09
1566,7.810260310687269e-10
1567,0.0
1568,0.0
1569,3.1413731593746245e-09
1570,7.98017649328914e-08
1571,8.218485119165815e-09
1572,1.1809383584166418e-08
1573,1.1985059830902019e-08
1574,1.1985059830902019e-08
1575,1.165870122897754e-08
1576,1.165870122897754e-08
1577,1.165870122897754e-08
1578,5.754228037500055e-07
1579,2.0650588830570618e-07
1580,1.2728226592946154e-08
1581,9.297001533218658e-09
1582,9.002392469997628e-09
1583,1.375929186658571e-08
1584,6.118210535182683e-08
1585,6.118210535182683e-08
1586,1.7195303408319169e-09
1587,1.7195303408319169e-09
1588,0.0
1589,0.0
1590,0.0
1591,0.0
1592,0.0
1593,0.0
1594,0.0
1595,0.0
1596,0.0
1597,0.0
1598,0.0
1599,0.0
1600,0.0
1601,0.0
1602,0.0
1603,0.0
1604,0.0
1605,1.6652497077286798e-10
1606,1.6652497077286798e-10
1607,1.531606011702478e-08
1608,1.531606011702478e-08
1609,1.6819103446191856e-08
1610,8.12080323507104e-08
1611,8.12080323507104e-08
1612,8.280353958653395e-08
1613,7.815635479650002e-08
1614,7.815635479650002e-08
1615,2.7636813479023756e-09
1616,2.0021773862497856e-09
1617,8.437557739589572e-08
1618,5.567559054844598e-07
1619,2.3354799685268374e-08
1620,1.8392194159794002e-08
1621,1.0736097581933093e-07
1622,1.0672992685875841e-07
1623,4.971020262468064e-09
1624,1.904781749335188e-09
1625,0.0
1626,3.56043173693026e-09
1627,2.2797886906094133e-07
1628,1.990344954472713e-08
1629,3.920210313140522e-06
1630,4.006793812192022e-06
1631,0.0
1632,5.365220969674823e-07
1633,3.0899844352935404e-08
1634,3.0979535625592507e-09
1635,1.4052745159083e-09
1636,0.0
1637,0.0
1638,5.961412586146461e-10
1639,1.2379152501430164e-09
1640,4.34912244985553e-08
1641,4.11496290622082e-09
1642,1.0083308901966514e-09
1643,0.0
1644,0.0
1645,4.721987235350911e-09
1646,0.0
1647,0.0
1648,0.0
1649,0.0
1650,0.0
1651,0.0
1652,2.0561010741361787e-08
1653,5.539788355786277e-08
1654,5.759931622867812e-08
1655,1.823196575464496e-09
1656,0.0
1657,0.0
1658,0.0
1659,0.0
1660,0.0
1661,0.0
1662,0.0
1663,1.3797123543361746e-09
1664,2.2126349089697318e-07
1665,2.2126349089697318e-07
1666,2.2101838559465034e-07
1667,0.0
1668,0.0
1669,0.0
1670,0.0
1671,0.0
1672,0.0
1673,0.0
1674,0.0
1675,4.040562994156299e-09
1676,4.6748132481920936e-08
1677,2.2763420076995334e-07
1678,2.2410275581005743e-07
1679,7.989635796025399e-08
1680,0.0
1681,0.0
1682,2.191379226564202e-09
1683,2.191379226564202e-09
1684,0.0
1685,0.0
1686,2.3185673394893305e-10
1687,4.981266922464452e-10
1688,4.981266922464452e-10
1689,0.0
1690,0.0
1691,5.626827144112118e-10
1692,5.626827144112118e-10
1693,5.626827144112118e-10
1694,3.7007834210134057e-06
1695,1.3794905909356852e-06
1696,2.291061047988746e-07
1697,2.1829241341919528e-07
1698,1.418935254402718e-07
1699,0.0
1700,0.0
1701,0.0
1702,0.0
1703,0.0
1704,0.0
1705,0.0
1706,0.0
1707,0.0
1708,0.0
1709,0.0
1710,0.0
1711,0.0
1712,0.0
1713,0.0
1714,0.0
1715,1.6438765903278855e-09
1716,1.6438765903278855e-09
1717,2.274437005759041e-09
1718,2.274437005759041e-09
1719,0.0
1720,0.0
1721,0.0
1722,0.0
1723,0.0
1724,0.0
1725,0.0
1726,5.2107342820754014e-09
1727,0.0
1728,0.0
1729,4.170602299075831e-09
1730,1.761935124469192e-08
1731,2.2516904459508334e-08
1732,2.0418266962162344e-08
1733,6.714916551968649e-09
1734,7.350951646674027e-10
1735,4.290184550383629e-10
1736,0.0
1737,0.0
1738,0.0
1739,0.0
1740,0.0
1741,0.0
1742,0.0
1743,1.5827884791301604e-08
1744,3.458566775168446e-08
1745,3.223617352043308e-08
1746,3.223617352043308e-08
1747,0.0
1748,0.0
1749,0.0
1750,2.4838161796198466e-09
1751,1.3419380716420263e-08
1752,1.3419380716420263e-08
1753,0.0
1754,4.713080704755434e-10
1755,4.713080704755434e-10
1756,0.0
1757,0.0
1758,0.0
1759,0.0
1760,0.0
1761,0.0
1762,0.0
1763,0.0
1764,0.0
1765,0.0
1766,0.0
1767,0.0
1768,0.0
1769,0.0
1770,0.0
1771,0.0
1772,0.0
1773,0.0
1774,0.0
1775,0.0
1776,0.0
1777,2.4667497242045987e-09
1778,0.0
1779,0.0
1780,0.0
1781,0.0
1782,0.0
1783,0.0
1784,0.0
1785,0.0
1786,0.0
1787,2.579571649027211e-09
1788,0.0
1789,0.0
1790,0.0
1791,0.0
1792,0.0
1793,0.0
1794,0.0
1795,0.0
1796,0.0
1797,0.0
1798,0.0
1799,0.0
1800,0.0
1801,0.0
1802,0.0
1803,0.0
1804,0.0
1805,0.0
1806,0.0
1807,0.0
1808,0.0
1809,0.0
1810,0.0
1811,0.0
1812,0.0
1813,0.0
1814,0.0
1815,0.0
1816,0.0
1817,0.0
1818,0.0
1819,0.0
1820,0.0
1821,0.0
1822,0.0
1823,0.0
1824,0.0
1825,0.0
1826,0.0
1827,0.0
1828,0.0
1829,0.0
1830,0.0
1831,0.0
1832,0.0
1833,0.0
1834,0.0
1835,0.0
1836,3.6261998260327136e-09
1837,2.1604795134300625e-08
1838,2.840397720374838e-08
1839,8.469668264006284e-09
1840,0.0
1841,0.0
1842,0.0
1843,0.0
1844,0.0
1845,0.0
1846,0.0
1847,0.0
1848,0.0
1849,0.0
1850,0.0
1851,0.0
1852,0.0
1853,0.0
1854,0.0
1855,0.0
1856,0.0
1857,0.0
1858,0.0
1859,0.0
1860,0.0
1861,0.0
1862,0.0
1863,0.0
1864,0.0
1865,0.0
1866,0.0
1867,0.0
1868,0.0
1869,0.0
1870,0.0
1871,0.0
1872,0.0
1873,0.0
1874,0.0
1875,0.0
1876,0.0
1877,0.0
1878,0.0
1879,0.0
1880,0.0
1881,2.632077515826673e-08
1882,2.5776259264409688e-09
1883,0.0
1884,0.0
1885,0.0
1886,7.192255380117937e-10
1887,7.192255380117937e-10
1888,7.192255380117937e-10
1889,0.0
1890,0.0
1891,0.0
1892,0.0
1893,0.0
1894,1.0434229956588627e-09
1895,1.5039006839738405e-07
1896,5.378162177134206e-08
1897,4.652936761778511e-10
1898,1.1429325573170533e-09
1899,1.552738373348639e-08
1900,1.693334738272346e-08
1901,1.650978597863444e-08
1902,0.0
1903,0.0
1904,0.0
1905,0.0
1906,0.0
1907,0.0
1908,0.0
1909,0.0
1910,0.0
1911,4.196260736330079e-07
1912,3.564223231529289e-08
1913,0.0
1914,0.0
1915,0.0
1916,0.0
1917,0.0
1918,0.0
1919,0.0
1920,0.0
1921,0.0
1922,0.0
1923,0.0
1924,5.239379925332573e-09
1925,0.0
1926,0.0
1927,0.0
1928,0.0
1929,0.0
1930,0.0
1931,0.0
1932,0.0
1933,0.0
1934,0.0
1935,0.0
1936,0.0
1937,1.3825176411469474e-08
1938,1.3825176411469474e-08
1939,1.1507283362891663e-08
1940,2.523592990550829e-09
1941,0.0
1942,0.0
1943,0.0
1944,0.0
1945,0.0
1946,0.0
1947,0.0
1948,0.0
1949,0.0
1950,0.0
1951,0.0
1952,8.446012409646874e-07
1953,2.2219373826683562e-05
1954,2.212885484828534e-05
1955,1.0369193940171566e-08
1956,0.0
1957,0.0
1958,0.0
1959,0.0
1960,0.0
1961,0.0
1962,0.0
1963,0.0
1964,4.63793728386975e-10
1965,1.749571803354341e-07
1966,1.935052868766783e-07
1967,1.931490910279173e-07
1968,3.59746218905249e-08
1969,0.0
1970,0.0
1971,0.0
1972,0.0
1973,0.0
1974,0.0
1975,0.0
1976,0.0
1977,0.0
1978,0.0
1979,0.0
1980,0.0
1981,0.0
1982,1.5210612718322146e-10
1983,1.5210612718322146e-10
1984,1.5210612718322146e-10
1985,1.5210612718322146e-10
1986,1.5210612718322146e-10
1987,0.0
1988,0.0
1989,0.0
1990,0.0
1991,0.0
1992,0.0
1993,0.0
1994,1.4206374222214347e-09
1995,2.42732517022899e-10
1996,1.0475931019260677e-06
1997,1.0475931019260677e-06
1998,1.7642448642453868e-08
1999,1.7642448642453868e-08
2000,1.7642448642453868e-08
2001,1.6663683392252064e-07
2002,3.0242850226077043e-07
2003,3.362344908582206e-05
2004,1.6464231107226875e-08
2005,0.0
2006,0.0
2007,2.0595206637509233e-09
2008,6.0315287959324926e-09
2009,0.0019924333696827697
2010,1.4885432297593302e-09
2011,0.0
2012,2.7874497556888076e-08
2013,1.9711266507937226e-08
2014,1.807037988691257e-08
2015,0.0
2016,0.0
2017,2.1336387170302286e-09
2018,5.35036134766443e-10
2019,0.0
2020,6.799898352859849e-09
2021,0.0
2022,0.0
2023,0.0
2024,0.0
2025,0.0
2026,0.0
2027,0.0
2028,0.0
2029,1.0144642686519682e-08
2030,1.1327663550194373e-09
2031,1.2455949117734449e-08
2032,0.0
2033,0.0
2034,9.310057892996929e-09
2035,1.0291557295682777e-05
2036,0.0
2037,0.0
2038,1.6263456051936366e-08
2039,6.154673527799444e-07
2040,1.4359551657736807e-06
2041,0.0
2042,0.0
2043,0.0
2044,0.0
2045,0.0
2046,5.774258729319039e-08
2047,0.0
2048,2.270808139085214e-08
2049,0.0
2050,0.0
2051,0.0
2052,3.58594340155774e-08
2053,0.0
2054,0.0
2055,1.0643702676219592e-08
2056,0.0
2057,2.5285231885694046e-07
2058,0.0
2059,0.0
2060,0.0
2061,0.0
2062,0.0
2063,1.0003563316865094e-09
2064,0.0
2065,0.0
2066,0.0
2067,0.0
2068,6.844932809719049e-09
2069,0.0
2070,3.1129834321286626e-08
2071,0.0
2072,0.0
2073,0.0
2074,0.0
2075,0.0
2076,0.0
2077,1.8521103541842507e-08
2078,1.882073606670669e-08
2079,0.0
2080,0.0
2081,0.0
2082,0.0
2083,3.6753381292543082e-09
2084,0.0
2085,0.0
2086,0.0
2087,0.0
2088,0.0
2089,0.0
2090,0.0
2091,0.0
2092,0.0
2093,6.502570965319766e-10
2094,6.502570965319766e-10
2095,6.502570965319766e-10
2096,9.333430351259724e-07
2097,1.54708499569388e-07
2098,0.0
2099,3.324232391647292e-09
2100,0.0
2101,1.2554046773276385e-06
2102,0.0
2103,0.0
2104,0.0
2105,0.0
2106,5.3301771933373536e-08
2107,4.745406398223261e-07
2108,4.745406398223261e-07
2109,0.0
2110,0.0
2111,0.0
2112,0.014425857999038021
2113,7.8297743741055e-07
2114,1.7256153682380196e-08
2115,6.007291671019544e-09
2116,0.0
2117,0.0
2118,3.3109884982953825e-09
2119,0.0
2120,0.0
2121,1.232370392207513e-09
2122,0.0
2123,0.0
2124,0.0
2125,5.490614576919385e-08
2126,0.0
2127,1.9016652346843916e-07
2128,0.0
2129,0.0
2130,0.0
2131,0.0
2132,0.0
2133,0.0
2134,0.0
2135,0.0
2136,0.0
2137,0.0
2138,0.0
2139,0.0
2140,0.0
2141,0.0
2142,0.0
2143,0.0
2144,0.0
2145,2.157538064355144e-07
2146,1.15921996246908e-07
2147,0.0
2148,0.0
2149,6.502570965319766e-10
2150,0.0
2151,0.0
2152,0.0
2153,0.0
2154,1.1999307487131277e-09
2155,0.0
2156,4.015299714169588e-07
2157,0.0
2158,0.0
2159,8.09157187297555e-08
2160,0.0
2161,0.0
2162,0.0
2163,0.0
2164,0.0
2165,0.0
2166,1.5631826888122867e-09
2167,0.0
2168,0.0
2169,7.223308617525312e-10
2170,5.742500803434177e-09
2171,0.0
2172,1.654475274390612e-08
2173,0.0
2174,0.0
2175,0.0
2176,1.4716448492134414e-08
2177,0.0
2178,2.8590391158698e-10
2179,0.0
2180,1.562047855985334e-08
2181,0.0
2182,0.0
2183,3.985133322889775e-10
2184,0.0
2185,0.0
2186,0.0
2187,1.222837947525396e-07
2188,0.0
2189,0.0
2190,0.0
2191,0.0
2192,0.0
2193,0.0
2194,0.0
2195,0.0
2196,4.3536582231018026e-08
2197,0.0
2198,0.0
2199,0.0
2200,0.0
2201,8.536974929071642e-09
2202,5.4025849430134526e-05
2203,0.0
2204,0.0
2205,0.0
2206,1.210544702979604e-06
2207,2.9131634857680496e-09
2208,0.0
2209,0.0
2210,7.974070599601342e-08
2211,7.974070599601342e-08
2212,7.615946954002523e-08
2213,7.415333140429053e-08
2214,0.0
2215,0.0
2216,0.0
2217,0.0
2218,0.0
2219,0.0
2220,4.947257180468401e-09
2221,8.449639960886045e-10
2222,4.4299446669898494e-05
2223,1.8702400616792504e-08
2224,1.8092164126225975e-08
2225,1.8092164126225975e-08
2226,1.8092164126225975e-08
2227,0.0
2228,8.962774923242403e-07
2229,0.0
2230,0.0
2231,1.5775432043559938e-09
2232,1.5775432043559938e-09
2233,1.5775432043559938e-09
2234,5.491816036546884e-10
2235,0.0
2236,6.168144599053516e-05
2237,3.3968323353045847e-07
2238,0.0
2239,0.0
2240,0.0
2241,0.0
2242,0.0
2243,0.0
2244,0.0
2245,0.0
2246,0.0
2247,1.0214399432687845e-07
2248,0.0
2249,0.0
2250,2.17928661287734e-07
2251,1.3472934184229722e-07
2252,9.022238021725255e-10
2253,0.0
2254,0.0
2255,0.0
2256,0.0
2257,0.0
2258,0.0
2259,0.0
2260,0.0
2261,0.0
2262,2.2735975462280009e-07
2263,2.768178589125821e-10
2264,0.0
2265,3.928018550130873e-10
2266,0.0
2267,9.408212599499073e-09
2268,0.0
2269,8.062550556126038e-10
2270,5.2227067482887613e-08
2271,0.0
2272,0.0
2273,1.3637010918824927e-08
2274,2.0479492493755943e-05
2275,0.0
2276,0.0
2277,0.0
2278,0.0
2279,0.0
2280,0.0
2281,0.0
2282,0.0
2283,0.0
2284,0.0
2285,2.0578679505267827e-06
2286,0.0
2287,0.0
2288,7.917874824507448e-10
2289,0.0
2290,8.909754145928735e-09
2291,0.0
2292,0.0
2293,0.0
2294,0.0
2295,0.0
2296,0.0
2297,0.0
2298,0.0
2299,0.0
2300,0.0
2301,0.0
2302,0.0
2303,0.0
2304,0.0
2305,0.0
2306,0.0
2307,0.0
2308,0.0
2309,5.9306361040416335e-09
2310,8.398189841497045e-09
2311,0.0
2312,0.0
2313,0.0
2314,5.10655048340269e-09
2315,1.6058623545069067e-08
2316,0.0
2317,1.1442777682266178e-07
2318,1.0904449634199878e-07
2319,0.0
2320,0.0
2321,0.0
2322,0.0
2323,0.0
2324,0.0
2325,0.0
2326,0.0
2327,0.0
2328,0.0
2329,1.28500963666639e-09
2330,0.0
2331,0.0
2332,0.0
2333,0.0
2334,0.0
2335,0.0
2336,0.0
2337,0.0
2338,1.5369524157545284e-08
2339,0.0
2340,0.0
2341,3.543537846530655e-10
2342,0.0
2343,0.0
2344,0.0
2345,0.0
2346,0.0
2347,3.409152903872554e-07
2348,0.0
2349,0.0
2350,0.0
2351,1.7084880596504178e-08
2352,0.0
2353,0.0
2354,0.0
2355,0.0
2356,5.822574814253134e-06
2357,0.0
2358,1.926530406393581e-06
2359,2.5228519559028115e-07
2360,0.0
2361,0.0
2362,0.0
2363,0.0
2364,0.0
2365,0.0
2366,0.0
2367,0.0
2368,4.977044171817502e-09
2369,0.0
2370,0.0
2371,0.0
2372,0.0
2373,0.0
2374,0.0
2375,0.0
2376,0.0
2377,0.0
2378,0.0
2379,0.0
2380,6.940631494323251e-08
2381,0.0
2382,0.0
2383,0.0
2384,0.0
2385,0.0
2386,0.0
2387,0.0
2388,0.0
2389,0.0
2390,0.0
2391,0.0
2392,0.0
2393,0.0
2394,0.0
2395,0.0
2396,0.0
2397,0.0
2398,0.0
2399,0.0
2400,0.0
2401,0.0
2402,0.0
2403,5.967718053161394e-09
2404,0.0
2405,0.0
2406,0.0
2407,0.0
2408,0.0
2409,2.0335743625941633e-08
2410,4.383352646275304e-08
2411,0.0
2412,6.32045860468359e-10
2413,0.0
2414,0.0
2415,0.0
2416,0.0
2417,0.0
2418,0.0
2419,5.473051074804116e-10
2420,0.0
2421,0.0
2422,0.0
2423,0.0
2424,0.0
2425,8.83603945719948e-07
2426,0.0
2427,0.0
2428,0.0
2429,0.0
2430,0.0
2431,0.0
2432,0.0
2433,0.0
2434,0.0
2435,0.0
2436,0.0
2437,0.0
2438,0.0
2439,0.0
2440,1.830722926162886e-08
2441,0.0
2442,0.0
2443,0.0
2444,0.0
2445,0.0
2446,2.4364104430566677e-07
2447,0.0
2448,0.0
2449,0.0
2450,1.1668912577533528e-08
2451,0.0
2452,0.0
2453,0.0
2454,0.0
2455,0.0
2456,2.4306238008329646e-10
2457,0.0
2458,3.170392515181466e-08
2459,0.0
2460,0.0
2461,0.0
2462,0.0
2463,5.990900558739141e-10
2464,1.8406260416071185e-09
2465,4.246152517039795e-09
2466,1.9425490852669618e-07
2467,0.0
2468,2.9180689724931704e-08
2469,0.0
2470,0.0
2471,0.0
2472,0.0
2473,0.0
2474,0.0
2475,0.0
2476,3.437430816223166e-07
2477,2.5415120602388575e-10
2478,0.0
2479,0.0
2480,0.0
2481,0.0
2482,0.0
2483,0.0
2484,0.0
2485,7.605061082755088e-10
2486,0.0
2487,2.0821591630919293e-09
2488,1.0168849464662965e-08
2489,0.0
2490,1.6652497077286798e-10
2491,1.01009485278576e-09
2492,0.0
2493,0.0
2494,0.0004012825534357423
2495,0.0
2496,1.7091101915877684e-08
2497,1.2577059793669509e-08
2498,1.8200846975955862e-09
2499,7.710164807221311e-08
2500,0.0
2501,0.0
2502,2.164151973551772e-08
2503,7.69061516878672e-08
2504,0.0
2505,0.0
2506,0.0
2507,4.4367491450164307e-07
2508,0.0
2509,4.780589491522926e-08
2510,0.0
2511,0.0
2512,0.0
2513,4.11592779795624e-07
2514,0.0
2515,0.0
2516,0.0
2517,0.0
2518,0.0
2519,0.0
2520,2.842396128140949e-10
2521,0.0
2522,0.0
2523,0.0
2524,0.0
2525,0.0
2526,0.0
2527,0.0
2528,0.0
2529,0.0
2530,0.0
2531,7.529152454178095e-09
2532,3.3169195856109038e-09
2533,0.0
2534,0.0
2535,0.0
2536,2.0565823407080825e-06
2537,0.0
2538,1.6837165549712337e-09
2539,8.862388361945151e-10
2540,0.0
2541,0.0
2542,3.689498296168205e-08
2543,0.0
2544,0.0
2545,8.167934043919953e-08
2546,0.0
2547,3.87802818433951e-09
2548,0.0
2549,0.0
2550,0.0
2551,1.6480649091709936e-07
2552,0.0
2553,0.0
2554,0.0
2555,0.0
2556,0.0
2557,9.853929582659178e-09
2558,0.0
2559,1.09878062791978e-09
2560,1.09878062791978e-09
2561,1.09878062791978e-09
2562,1.09878062791978e-09
2563,1.3829463595769783e-08
2564,1.903026496191779e-08
2565,1.903026496191779e-08
2566,0.0
2567,1.740390637925467e-09
2568,1.740390637925467e-09
2569,1.740390637925467e-09
2570,0.0
2571,4.631315122487045e-08
2572,7.533030891150617e-09
2573,3.7690927770012244e-09
2574,0.0
2575,0.0
2600,0.0
2601,0.0
2602,0.0
2603,0.0
2604,0.0
2605,0.0
2606,0.0
2607,0.0
2608,0.0
2609,0.0
30964,0.0
30965,0.0
30966,0.0
30967,0.0
30968,0.0
30969,0.0
30970,0.0
30971,0.0
30972,0.0
30973,0.0
30974,0.0
30975,0.0
30976,8.32683480299398e-10
30977,0.0
30978,8.32683480299398e-10
30979,0.0
30980,8.32683480299398e-10
30981,8.241850303366363e-10
30982,6.3139805843306655e-09
30983,6.3139805843306655e-09
30984,8.32683480299398e-10
31555,0.0
31556,0.0
31557,0.0
31558,0.0
31559,0.0
31560,0.0
31561,0.0
31562,0.0
31563,0.0
31564,0.0
31565,0.0
31566,0.0
31567,8.32683480299398e-10
31568,0.0
31569,8.32683480299398e-10
31570,0.0
31571,8.32683480299398e-10
31572,8.241850303366363e-10
31573,6.3139805843306655e-09
31574,6.3139805843306655e-09
31575,8.32683480299398e-10
31920,0.0
31921,0.0
31922,0.0
31923,0.0
31924,0.0
31925,0.0
31926,0.0
31927,0.0
31928,0.0
31929,0.0
31930,0.0
31931,0.0
31932,8.32683480299398e-10
31933,0.0
31934,8.32683480299398e-10
31935,0.0
31936,8.32683480299398e-10
31937,8.241850303366363e-10
31938,6.3139805843306655e-09
31939,6.3139805843306655e-09
31940,8.32683480299398e-10
31941,0.0
31942,0.0
31943,0.0
31944,0.0
31945,0.0
31946,0.0
31947,0.0
31948,0.0
31949,0.0
31950,0.0
31951,0.0
31952,0.0
31953,8.32683480299398e-10
31954,0.0
31955,8.32683480299398e-10
31956,0.0
31957,8.32683480299398e-10
31958,8.241850303366363e-10
31959,6.3139805843306655e-09
31960,6.3139805843306655e-09
31961,8.32683480299398e-10
32172,0.0
32173,0.0
32174,0.0
32175,0.0
32176,0.0
32177,0.0
32178,0.0
32179,0.0
32180,0.0
32181,0.0
32182,0.0
32183,0.0
32184,8.32683480299398e-10
32185,0.0
32186,8.32683480299398e-10
32187,0.0
32188,8.32683480299398e-10
32189,8.241850303366363e-10
32190,6.3139805843306655e-09
32191,6.3139805843306655e-09
32192,8.32683480299398e-10
32193,0.0
32194,0.0
32195,0.0
32196,0.0
32197,0.0
32198,0.0
32199,0.0
32200,0.0
32201,0.0
32202,0.0
32203,0.0
32204,0.0
32205,8.32683480299398e-10
32206,0.0
32207,8.32683480299398e-10
32208,0.0
32209,8.32683480299398e-10
32210,8.241850303366363e-10
32211,6.3139805843306655e-09
32212,6.3139805843306655e-09
32213,8.32683480299398e-10
28902,0.0
28903,0.0
28904,0.0
28905,0.0
28906,0.0
28907,0.027596732659093567
28908,0.0
28909,0.0
28910,0.0
28911,0.0
28912,0.0
28913,0.0
28914,0.0
28915,0.0
28916,0.0
28917,0.0
28918,0.0
28919,0.0
28920,0.0
28921,0.0
28922,0.0
28923,0.0
28924,0.0
28925,0.0
28926,0.0
28927,0.0
28928,0.0
28929,0.0
28930,0.0
28931,0.0
28932,0.0
28933,0.0
28934,0.0
28935,0.0
28936,0.0
28937,0.0
28938,0.0
28939,0.0
28940,0.0
28941,0.0
28942,0.0
28943,0.0
28944,0.0
28945,1.0
28946,1.0
28947,0.9996750893123588
28948,0.9993912974374867
28949,0.9993912974374867
28950,0.052741601088458955
28951,0.01614288745592332
28952,0.00025917154033383485
28953,0.0
28954,0.0
28955,0.0
28956,0.0
28957,0.0
28958,0.0
28959,0.0
28960,0.0
28961,0.0
28962,0.0
28963,0.0
28964,0.0
28965,0.0
28966,0.0
28967,0.0
28968,0.0
28969,0.0
28970,0.0
28971,0.0
28972,0.0
28973,0.0
28974,0.0
28975,0.0
28976,0.0
28977,0.0
28978,0.0
28979,0.0
28980,0.0
28981,0.0
28982,0.0
28983,0.0
28984,0.0
28985,0.0
28986,0.0
28987,0.0
28988,0.0
28989,0.0
28990,0.0
28991,0.0
28992,0.0
28993,0.0
28994,0.0
28995,0.0
28996,0.0
28997,0.0
28998,0.0
28999,0.0
29000,0.0
29001,0.0
29002,0.0
29003,0.0
29004,0.0
29005,0.0
29006,0.0
29007,0.0
29008,0.0
29009,0.0
29010,0.0
29011,0.0
29012,0.016174014542057386
29013,0.016174014542057386
29014,0.0
29015,0.0
29016,0.0
29017,0.0
29018,0.0
29019,0.0
29020,0.0
29021,0.0
29022,0.0
29023,0.0
29024,0.0
29025,0.0
29026,0.0
29027,0.0
29028,0.0
29029,0.0
29030,0.0
29031,0.0
29032,0.0
29033,0.0
29034,0.0
29035,0.0
29036,0.0
29037,0.0
29038,0.0
29039,0.0
